prediction	angry	disgust	fear	happy	sad	surprise	neutral
neutral	0.012	0.000	0.005	0.229	0.036	0.001	0.716
happy	0.003	0.000	0.001	0.767	0.013	0.001	0.216
happy	0.004	0.000	0.002	0.596	0.019	0.001	0.379
happy	0.006	0.000	0.003	0.505	0.021	0.001	0.465
neutral	0.008	0.000	0.002	0.398	0.022	0.001	0.569
happy	0.005	0.000	0.002	0.551	0.015	0.001	0.427
neutral	0.007	0.000	0.002	0.424	0.017	0.001	0.549
happy	0.007	0.000	0.002	0.517	0.016	0.001	0.457
happy	0.007	0.000	0.002	0.513	0.017	0.001	0.460
happy	0.009	0.000	0.002	0.498	0.029	0.001	0.461
happy	0.007	0.000	0.002	0.592	0.024	0.001	0.374
happy	0.007	0.000	0.003	0.548	0.025	0.001	0.417
happy	0.004	0.000	0.002	0.696	0.017	0.001	0.280
happy	0.005	0.000	0.002	0.539	0.022	0.001	0.431
neutral	0.006	0.000	0.002	0.411	0.013	0.001	0.569
happy	0.003	0.000	0.001	0.617	0.012	0.001	0.366
happy	0.003	0.000	0.001	0.723	0.007	0.000	0.266
happy	0.002	0.000	0.000	0.743	0.007	0.000	0.246
happy	0.005	0.000	0.001	0.647	0.006	0.001	0.341
happy	0.003	0.000	0.001	0.623	0.007	0.001	0.365
happy	0.004	0.000	0.001	0.581	0.008	0.001	0.406
happy	0.004	0.000	0.001	0.634	0.006	0.001	0.353
happy	0.002	0.000	0.000	0.774	0.006	0.000	0.217
happy	0.005	0.000	0.001	0.593	0.006	0.001	0.395
happy	0.004	0.000	0.001	0.674	0.005	0.001	0.316
happy	0.004	0.000	0.001	0.623	0.008	0.001	0.364
happy	0.002	0.000	0.000	0.720	0.006	0.000	0.271
happy	0.004	0.000	0.001	0.598	0.009	0.001	0.388
happy	0.005	0.000	0.001	0.675	0.010	0.001	0.309
happy	0.003	0.000	0.001	0.787	0.006	0.001	0.204
happy	0.003	0.000	0.001	0.682	0.008	0.001	0.306
happy	0.002	0.000	0.000	0.819	0.005	0.000	0.175
happy	0.003	0.000	0.001	0.703	0.005	0.001	0.288
happy	0.003	0.000	0.001	0.721	0.010	0.001	0.265
happy	0.002	0.000	0.001	0.702	0.006	0.001	0.288
happy	0.002	0.000	0.001	0.718	0.006	0.001	0.273
happy	0.002	0.000	0.000	0.784	0.005	0.000	0.208
happy	0.005	0.000	0.001	0.640	0.007	0.001	0.347
happy	0.004	0.000	0.001	0.528	0.007	0.001	0.459
happy	0.003	0.000	0.001	0.782	0.006	0.001	0.208
happy	0.003	0.000	0.000	0.797	0.005	0.000	0.195
happy	0.008	0.000	0.001	0.674	0.010	0.000	0.307
happy	0.005	0.000	0.001	0.694	0.008	0.001	0.292
happy	0.005	0.000	0.001	0.774	0.006	0.001	0.214
happy	0.004	0.000	0.001	0.736	0.005	0.001	0.254
happy	0.008	0.000	0.002	0.560	0.023	0.001	0.405
happy	0.002	0.000	0.001	0.801	0.010	0.001	0.185
happy	0.004	0.000	0.001	0.702	0.007	0.001	0.286
happy	0.004	0.000	0.000	0.743	0.006	0.001	0.246
happy	0.003	0.000	0.001	0.803	0.005	0.001	0.187
happy	0.004	0.000	0.001	0.678	0.007	0.001	0.309
happy	0.013	0.000	0.003	0.578	0.032	0.001	0.373
happy	0.004	0.000	0.002	0.822	0.015	0.001	0.156
happy	0.002	0.000	0.001	0.789	0.004	0.001	0.203
happy	0.002	0.000	0.000	0.833	0.004	0.001	0.159
happy	0.003	0.000	0.001	0.781	0.006	0.001	0.208
happy	0.004	0.000	0.001	0.700	0.005	0.001	0.289
happy	0.002	0.000	0.001	0.818	0.005	0.001	0.173
happy	0.002	0.000	0.001	0.744	0.005	0.001	0.248
happy	0.002	0.000	0.001	0.779	0.004	0.002	0.212
happy	0.002	0.000	0.001	0.776	0.006	0.001	0.215
neutral	0.004	0.000	0.002	0.461	0.017	0.001	0.516
happy	0.005	0.000	0.002	0.570	0.011	0.002	0.409
happy	0.002	0.000	0.001	0.803	0.007	0.000	0.186
happy	0.003	0.000	0.001	0.540	0.012	0.001	0.444
happy	0.003	0.000	0.002	0.502	0.016	0.000	0.477
neutral	0.005	0.000	0.002	0.423	0.020	0.001	0.551
neutral	0.005	0.000	0.002	0.412	0.016	0.001	0.564
neutral	0.006	0.000	0.002	0.297	0.020	0.001	0.674
happy	0.003	0.000	0.001	0.683	0.014	0.000	0.298
happy	0.006	0.000	0.001	0.494	0.017	0.000	0.481
happy	0.003	0.000	0.001	0.655	0.007	0.000	0.333
happy	0.005	0.000	0.001	0.579	0.008	0.000	0.407
happy	0.005	0.000	0.001	0.544	0.012	0.000	0.438
happy	0.006	0.000	0.001	0.611	0.006	0.000	0.376
happy	0.010	0.000	0.001	0.494	0.014	0.000	0.481
happy	0.006	0.000	0.001	0.664	0.008	0.000	0.320
happy	0.006	0.000	0.001	0.664	0.008	0.000	0.321
happy	0.005	0.000	0.001	0.653	0.006	0.000	0.336
happy	0.004	0.000	0.001	0.696	0.007	0.000	0.292
happy	0.006	0.000	0.001	0.573	0.007	0.000	0.412
happy	0.004	0.000	0.001	0.678	0.006	0.000	0.312
happy	0.004	0.000	0.001	0.699	0.006	0.000	0.290
happy	0.003	0.000	0.000	0.799	0.008	0.000	0.190
happy	0.004	0.000	0.001	0.686	0.013	0.000	0.295
happy	0.006	0.000	0.001	0.696	0.014	0.000	0.282
happy	0.002	0.000	0.001	0.817	0.008	0.000	0.172
happy	0.003	0.000	0.000	0.911	0.004	0.000	0.082
happy	0.001	0.000	0.000	0.978	0.002	0.000	0.018
happy	0.002	0.000	0.000	0.973	0.002	0.000	0.024
happy	0.001	0.000	0.000	0.978	0.001	0.001	0.019
happy	0.002	0.000	0.000	0.976	0.001	0.001	0.020
happy	0.001	0.000	0.000	0.983	0.001	0.000	0.014
happy	0.002	0.000	0.000	0.965	0.002	0.001	0.030
happy	0.001	0.000	0.000	0.967	0.001	0.000	0.030
happy	0.001	0.000	0.000	0.981	0.001	0.000	0.016
happy	0.001	0.000	0.000	0.979	0.002	0.000	0.018
happy	0.001	0.000	0.000	0.983	0.001	0.000	0.015
happy	0.001	0.000	0.000	0.965	0.003	0.000	0.031
happy	0.001	0.000	0.000	0.946	0.003	0.000	0.049
happy	0.002	0.000	0.001	0.874	0.005	0.001	0.118
happy	0.003	0.000	0.001	0.836	0.009	0.000	0.151
happy	0.003	0.000	0.001	0.846	0.006	0.001	0.143
happy	0.003	0.000	0.001	0.805	0.009	0.001	0.181
happy	0.003	0.000	0.001	0.811	0.010	0.000	0.174
happy	0.003	0.000	0.001	0.783	0.009	0.001	0.204
happy	0.003	0.000	0.001	0.817	0.008	0.001	0.170
happy	0.003	0.000	0.001	0.796	0.010	0.000	0.188
happy	0.003	0.000	0.001	0.830	0.008	0.000	0.158
happy	0.004	0.000	0.001	0.719	0.011	0.001	0.262
happy	0.003	0.000	0.001	0.808	0.006	0.001	0.181
happy	0.003	0.000	0.001	0.785	0.007	0.001	0.203
happy	0.003	0.000	0.001	0.726	0.008	0.001	0.262
happy	0.004	0.000	0.001	0.738	0.012	0.001	0.244
happy	0.003	0.000	0.001	0.788	0.007	0.001	0.200
happy	0.004	0.000	0.001	0.733	0.011	0.001	0.250
happy	0.004	0.000	0.001	0.749	0.009	0.001	0.237
happy	0.003	0.000	0.001	0.774	0.007	0.001	0.215
happy	0.003	0.000	0.001	0.720	0.010	0.000	0.265
happy	0.004	0.000	0.001	0.735	0.009	0.001	0.251
happy	0.004	0.000	0.001	0.710	0.010	0.000	0.275
happy	0.004	0.000	0.001	0.706	0.012	0.000	0.278
happy	0.009	0.000	0.001	0.775	0.013	0.000	0.202
happy	0.007	0.000	0.001	0.714	0.017	0.000	0.260
happy	0.006	0.000	0.002	0.744	0.015	0.001	0.233
happy	0.005	0.000	0.001	0.754	0.011	0.000	0.229
happy	0.009	0.000	0.003	0.647	0.021	0.001	0.319
happy	0.012	0.000	0.001	0.811	0.015	0.000	0.160
happy	0.009	0.000	0.002	0.787	0.021	0.000	0.181
happy	0.011	0.000	0.004	0.602	0.032	0.001	0.350
happy	0.006	0.000	0.002	0.737	0.014	0.001	0.241
happy	0.003	0.000	0.001	0.784	0.007	0.001	0.204
happy	0.002	0.000	0.000	0.820	0.006	0.000	0.171
happy	0.003	0.000	0.001	0.743	0.009	0.000	0.244
happy	0.005	0.000	0.001	0.756	0.007	0.001	0.231
happy	0.007	0.000	0.001	0.745	0.005	0.001	0.240
happy	0.012	0.000	0.001	0.696	0.017	0.000	0.273
happy	0.004	0.000	0.001	0.828	0.007	0.000	0.160
happy	0.003	0.000	0.001	0.745	0.007	0.000	0.244
happy	0.004	0.000	0.001	0.762	0.007	0.001	0.225
happy	0.004	0.000	0.001	0.803	0.009	0.000	0.183
happy	0.007	0.000	0.001	0.697	0.012	0.001	0.282
happy	0.006	0.000	0.001	0.659	0.017	0.000	0.316
happy	0.006	0.000	0.002	0.671	0.015	0.002	0.303
happy	0.007	0.000	0.001	0.538	0.015	0.001	0.438
happy	0.003	0.000	0.001	0.819	0.007	0.001	0.170
happy	0.002	0.000	0.001	0.808	0.006	0.002	0.181
happy	0.006	0.000	0.001	0.785	0.010	0.001	0.195
happy	0.004	0.000	0.001	0.768	0.013	0.001	0.213
happy	0.004	0.000	0.001	0.648	0.019	0.001	0.327
happy	0.003	0.000	0.001	0.736	0.011	0.001	0.248
happy	0.008	0.000	0.004	0.815	0.014	0.011	0.148
happy	0.008	0.000	0.004	0.855	0.015	0.008	0.111
happy	0.008	0.000	0.005	0.844	0.018	0.005	0.119
happy	0.025	0.000	0.012	0.733	0.041	0.013	0.177
happy	0.041	0.000	0.014	0.726	0.081	0.009	0.129
happy	0.018	0.000	0.006	0.748	0.030	0.007	0.191
happy	0.008	0.000	0.004	0.709	0.024	0.006	0.249
happy	0.010	0.000	0.007	0.590	0.033	0.005	0.354
happy	0.005	0.000	0.002	0.784	0.015	0.002	0.194
happy	0.002	0.000	0.001	0.810	0.009	0.001	0.176
happy	0.003	0.000	0.001	0.868	0.008	0.001	0.118
happy	0.007	0.000	0.001	0.891	0.009	0.001	0.091
happy	0.006	0.000	0.003	0.808	0.014	0.003	0.167
happy	0.004	0.000	0.003	0.643	0.026	0.001	0.323
neutral	0.008	0.000	0.007	0.183	0.088	0.001	0.712
neutral	0.015	0.000	0.012	0.139	0.118	0.002	0.713
neutral	0.013	0.000	0.011	0.160	0.095	0.002	0.718
neutral	0.015	0.000	0.007	0.213	0.099	0.002	0.664
neutral	0.008	0.000	0.003	0.376	0.030	0.002	0.581
neutral	0.018	0.000	0.005	0.289	0.066	0.001	0.621
neutral	0.013	0.000	0.007	0.349	0.053	0.002	0.574
neutral	0.018	0.000	0.007	0.365	0.073	0.002	0.535
neutral	0.011	0.000	0.005	0.314	0.036	0.002	0.631
neutral	0.019	0.000	0.008	0.263	0.038	0.004	0.667
neutral	0.018	0.000	0.005	0.281	0.020	0.002	0.674
neutral	0.020	0.000	0.009	0.435	0.022	0.006	0.508
happy	0.013	0.000	0.002	0.516	0.021	0.003	0.445
happy	0.011	0.000	0.002	0.609	0.011	0.003	0.365
happy	0.007	0.000	0.003	0.547	0.018	0.005	0.420
happy	0.005	0.000	0.002	0.739	0.012	0.004	0.238
happy	0.012	0.000	0.002	0.552	0.015	0.002	0.417
happy	0.008	0.000	0.002	0.695	0.018	0.003	0.274
happy	0.012	0.000	0.007	0.539	0.041	0.005	0.396
happy	0.016	0.001	0.002	0.748	0.012	0.004	0.217
happy	0.015	0.000	0.001	0.817	0.004	0.002	0.160
happy	0.007	0.000	0.001	0.875	0.008	0.003	0.106
happy	0.023	0.000	0.004	0.636	0.026	0.008	0.304
happy	0.009	0.000	0.001	0.886	0.008	0.003	0.092
happy	0.006	0.000	0.002	0.794	0.018	0.003	0.177
happy	0.018	0.001	0.002	0.806	0.011	0.005	0.157
happy	0.007	0.000	0.002	0.765	0.020	0.003	0.203
happy	0.007	0.000	0.002	0.700	0.025	0.004	0.261
happy	0.015	0.001	0.002	0.775	0.015	0.005	0.188
happy	0.014	0.001	0.003	0.790	0.016	0.006	0.170
happy	0.009	0.000	0.002	0.794	0.012	0.004	0.180
happy	0.007	0.000	0.002	0.764	0.020	0.003	0.203
happy	0.011	0.000	0.002	0.804	0.012	0.006	0.164
happy	0.012	0.000	0.003	0.655	0.041	0.005	0.284
happy	0.011	0.000	0.001	0.842	0.009	0.003	0.133
happy	0.008	0.000	0.001	0.830	0.011	0.003	0.146
happy	0.010	0.000	0.001	0.853	0.010	0.002	0.123
happy	0.010	0.000	0.001	0.786	0.016	0.003	0.184
happy	0.009	0.000	0.001	0.873	0.010	0.002	0.106
happy	0.016	0.000	0.004	0.685	0.032	0.004	0.257
happy	0.014	0.001	0.001	0.866	0.009	0.003	0.106
happy	0.014	0.000	0.000	0.846	0.004	0.002	0.133
happy	0.027	0.000	0.002	0.806	0.010	0.003	0.151
happy	0.010	0.000	0.001	0.922	0.005	0.003	0.059
happy	0.007	0.000	0.001	0.835	0.011	0.003	0.144
happy	0.008	0.000	0.001	0.929	0.005	0.002	0.055
happy	0.011	0.000	0.001	0.913	0.005	0.004	0.067
happy	0.009	0.000	0.002	0.849	0.014	0.003	0.123
happy	0.010	0.000	0.001	0.858	0.008	0.002	0.121
happy	0.030	0.001	0.004	0.659	0.051	0.004	0.251
happy	0.010	0.001	0.002	0.773	0.018	0.002	0.195
happy	0.013	0.000	0.001	0.725	0.019	0.003	0.239
happy	0.012	0.000	0.003	0.745	0.021	0.004	0.216
happy	0.014	0.001	0.002	0.734	0.018	0.003	0.228
happy	0.015	0.001	0.002	0.783	0.016	0.004	0.179
happy	0.010	0.001	0.003	0.737	0.022	0.003	0.224
happy	0.006	0.000	0.001	0.777	0.013	0.002	0.201
happy	0.008	0.000	0.001	0.719	0.018	0.003	0.251
happy	0.010	0.000	0.002	0.820	0.014	0.003	0.151
happy	0.008	0.000	0.001	0.817	0.012	0.002	0.161
happy	0.008	0.000	0.001	0.839	0.007	0.002	0.144
happy	0.011	0.000	0.001	0.881	0.006	0.002	0.099
happy	0.010	0.000	0.001	0.817	0.010	0.002	0.160
happy	0.008	0.000	0.001	0.772	0.014	0.002	0.202
happy	0.013	0.000	0.001	0.764	0.016	0.002	0.202
happy	0.011	0.000	0.003	0.689	0.028	0.003	0.266
happy	0.012	0.000	0.001	0.856	0.009	0.002	0.119
happy	0.019	0.000	0.003	0.803	0.029	0.002	0.144
happy	0.014	0.000	0.002	0.860	0.014	0.005	0.105
happy	0.007	0.000	0.002	0.722	0.018	0.003	0.247
happy	0.014	0.000	0.004	0.682	0.029	0.004	0.266
happy	0.014	0.000	0.004	0.682	0.029	0.005	0.266
happy	0.012	0.001	0.001	0.777	0.014	0.003	0.192
happy	0.007	0.000	0.001	0.757	0.012	0.003	0.220
happy	0.008	0.000	0.001	0.678	0.017	0.002	0.293
happy	0.009	0.000	0.002	0.731	0.023	0.002	0.232
happy	0.009	0.000	0.002	0.787	0.013	0.003	0.187
happy	0.006	0.000	0.001	0.753	0.014	0.002	0.223
happy	0.006	0.000	0.002	0.703	0.031	0.002	0.256
happy	0.007	0.000	0.002	0.682	0.029	0.002	0.278
happy	0.010	0.000	0.001	0.786	0.012	0.002	0.189
happy	0.008	0.000	0.002	0.706	0.023	0.003	0.259
happy	0.012	0.000	0.003	0.629	0.029	0.003	0.323
happy	0.021	0.001	0.003	0.502	0.039	0.007	0.427
happy	0.017	0.001	0.003	0.722	0.020	0.006	0.232
happy	0.017	0.000	0.002	0.670	0.023	0.005	0.282
happy	0.021	0.000	0.005	0.613	0.039	0.007	0.315
happy	0.010	0.001	0.001	0.668	0.019	0.003	0.298
happy	0.010	0.000	0.001	0.723	0.021	0.003	0.242
happy	0.009	0.000	0.001	0.709	0.018	0.003	0.259
happy	0.012	0.001	0.003	0.758	0.021	0.003	0.203
happy	0.006	0.000	0.001	0.685	0.013	0.002	0.292
happy	0.006	0.000	0.002	0.720	0.028	0.004	0.239
happy	0.015	0.000	0.002	0.735	0.022	0.004	0.221
happy	0.021	0.001	0.006	0.591	0.049	0.008	0.324
happy	0.009	0.000	0.002	0.767	0.018	0.002	0.202
happy	0.007	0.000	0.001	0.722	0.023	0.002	0.244
happy	0.011	0.000	0.003	0.663	0.033	0.005	0.286
happy	0.008	0.000	0.002	0.669	0.024	0.003	0.294
happy	0.009	0.000	0.002	0.732	0.020	0.002	0.235
happy	0.039	0.001	0.006	0.719	0.059	0.003	0.173
happy	0.011	0.000	0.003	0.726	0.020	0.006	0.233
happy	0.012	0.001	0.004	0.672	0.033	0.005	0.273
happy	0.017	0.001	0.004	0.715	0.029	0.005	0.230
happy	0.012	0.001	0.003	0.695	0.034	0.003	0.253
happy	0.016	0.001	0.006	0.616	0.044	0.005	0.312
happy	0.007	0.000	0.002	0.712	0.031	0.003	0.244
happy	0.013	0.000	0.004	0.649	0.044	0.005	0.284
happy	0.012	0.001	0.004	0.674	0.030	0.005	0.275
happy	0.012	0.000	0.004	0.556	0.062	0.004	0.361
happy	0.013	0.001	0.005	0.514	0.046	0.004	0.417
happy	0.016	0.001	0.006	0.560	0.056	0.006	0.356
happy	0.020	0.001	0.006	0.547	0.059	0.006	0.360
happy	0.012	0.000	0.005	0.544	0.054	0.006	0.378
happy	0.018	0.001	0.005	0.666	0.037	0.007	0.267
happy	0.016	0.001	0.004	0.655	0.030	0.005	0.289
happy	0.015	0.000	0.005	0.634	0.055	0.006	0.284
happy	0.008	0.000	0.004	0.708	0.034	0.005	0.241
happy	0.037	0.000	0.007	0.672	0.087	0.006	0.190
happy	0.020	0.000	0.004	0.652	0.055	0.005	0.263
happy	0.021	0.000	0.004	0.650	0.043	0.004	0.278
happy	0.027	0.002	0.008	0.542	0.058	0.010	0.354
happy	0.009	0.001	0.004	0.607	0.035	0.005	0.340
happy	0.009	0.000	0.002	0.714	0.022	0.003	0.250
happy	0.012	0.000	0.001	0.750	0.013	0.002	0.222
happy	0.015	0.000	0.002	0.660	0.024	0.003	0.296
happy	0.028	0.002	0.003	0.652	0.031	0.003	0.281
happy	0.020	0.000	0.004	0.560	0.048	0.006	0.361
happy	0.021	0.000	0.004	0.588	0.046	0.004	0.336
neutral	0.015	0.000	0.003	0.392	0.055	0.004	0.530
happy	0.022	0.001	0.005	0.581	0.049	0.008	0.335
happy	0.052	0.001	0.006	0.560	0.097	0.004	0.281
happy	0.031	0.001	0.006	0.703	0.055	0.006	0.198
happy	0.021	0.001	0.006	0.562	0.057	0.007	0.345
happy	0.039	0.000	0.005	0.627	0.078	0.004	0.247
happy	0.024	0.000	0.004	0.728	0.031	0.005	0.208
happy	0.030	0.001	0.004	0.585	0.048	0.006	0.326
happy	0.025	0.001	0.002	0.690	0.013	0.006	0.263
happy	0.027	0.001	0.008	0.510	0.057	0.014	0.382
happy	0.025	0.001	0.006	0.507	0.063	0.006	0.393
happy	0.021	0.001	0.005	0.553	0.052	0.006	0.363
happy	0.016	0.000	0.004	0.554	0.046	0.006	0.373
happy	0.023	0.001	0.006	0.645	0.048	0.010	0.268
happy	0.021	0.001	0.007	0.620	0.057	0.010	0.285
happy	0.030	0.001	0.005	0.532	0.048	0.007	0.377
happy	0.030	0.001	0.006	0.529	0.049	0.010	0.376
happy	0.029	0.001	0.009	0.450	0.058	0.012	0.441
happy	0.014	0.000	0.004	0.585	0.041	0.004	0.352
happy	0.013	0.001	0.004	0.483	0.042	0.005	0.453
happy	0.022	0.001	0.005	0.568	0.056	0.007	0.342
happy	0.021	0.001	0.006	0.554	0.063	0.008	0.349
happy	0.011	0.000	0.004	0.620	0.040	0.007	0.318
happy	0.021	0.000	0.004	0.674	0.054	0.005	0.241
happy	0.017	0.000	0.003	0.588	0.039	0.004	0.350
happy	0.013	0.001	0.002	0.654	0.024	0.002	0.303
happy	0.046	0.000	0.005	0.621	0.095	0.004	0.229
happy	0.018	0.000	0.003	0.654	0.032	0.004	0.289
happy	0.016	0.000	0.002	0.712	0.027	0.002	0.240
happy	0.016	0.000	0.002	0.700	0.017	0.003	0.261
happy	0.020	0.000	0.002	0.661	0.022	0.003	0.292
happy	0.038	0.001	0.003	0.685	0.028	0.005	0.240
happy	0.020	0.001	0.003	0.556	0.038	0.006	0.376
happy	0.019	0.001	0.003	0.608	0.041	0.005	0.324
happy	0.018	0.000	0.003	0.637	0.037	0.006	0.298
happy	0.023	0.001	0.007	0.567	0.048	0.010	0.345
happy	0.027	0.001	0.007	0.488	0.068	0.006	0.404
neutral	0.031	0.000	0.005	0.411	0.070	0.003	0.480
happy	0.023	0.001	0.008	0.508	0.050	0.014	0.396
happy	0.021	0.000	0.003	0.599	0.037	0.004	0.335
happy	0.017	0.001	0.005	0.558	0.048	0.008	0.363
happy	0.016	0.001	0.005	0.553	0.040	0.005	0.380
happy	0.021	0.001	0.006	0.488	0.058	0.007	0.419
happy	0.032	0.001	0.008	0.537	0.047	0.011	0.365
happy	0.022	0.000	0.003	0.582	0.038	0.003	0.352
happy	0.036	0.001	0.004	0.627	0.037	0.004	0.291
happy	0.035	0.001	0.003	0.654	0.034	0.003	0.271
happy	0.041	0.001	0.003	0.640	0.024	0.004	0.286
happy	0.029	0.000	0.003	0.717	0.022	0.004	0.224
happy	0.035	0.001	0.003	0.653	0.028	0.003	0.278
happy	0.026	0.000	0.003	0.661	0.028	0.004	0.278
happy	0.032	0.001	0.003	0.634	0.033	0.003	0.295
happy	0.032	0.001	0.003	0.680	0.024	0.005	0.254
happy	0.019	0.001	0.002	0.672	0.020	0.002	0.285
happy	0.014	0.000	0.002	0.556	0.036	0.002	0.390
happy	0.024	0.001	0.004	0.514	0.046	0.004	0.407
happy	0.022	0.000	0.004	0.550	0.046	0.005	0.373
happy	0.019	0.001	0.004	0.483	0.056	0.004	0.433
happy	0.014	0.000	0.004	0.491	0.047	0.004	0.439
happy	0.023	0.001	0.005	0.505	0.060	0.004	0.402
happy	0.026	0.000	0.004	0.614	0.080	0.003	0.272
happy	0.019	0.001	0.003	0.558	0.023	0.003	0.393
happy	0.027	0.000	0.003	0.653	0.031	0.002	0.283
happy	0.017	0.000	0.002	0.721	0.022	0.002	0.235
happy	0.025	0.000	0.006	0.601	0.085	0.003	0.280
happy	0.011	0.000	0.002	0.726	0.023	0.002	0.236
happy	0.005	0.000	0.001	0.856	0.008	0.003	0.127
happy	0.004	0.000	0.001	0.910	0.005	0.003	0.076
happy	0.007	0.000	0.002	0.816	0.008	0.004	0.163
happy	0.005	0.000	0.001	0.935	0.005	0.004	0.050
happy	0.003	0.000	0.001	0.947	0.004	0.003	0.042
happy	0.010	0.000	0.001	0.947	0.005	0.003	0.035
happy	0.004	0.000	0.001	0.966	0.003	0.002	0.025
happy	0.006	0.000	0.001	0.958	0.007	0.001	0.027
happy	0.006	0.000	0.001	0.965	0.004	0.001	0.023
happy	0.012	0.000	0.001	0.942	0.009	0.002	0.034
happy	0.007	0.000	0.001	0.968	0.005	0.001	0.018
happy	0.004	0.000	0.001	0.970	0.002	0.001	0.022
happy	0.005	0.000	0.001	0.978	0.003	0.001	0.013
happy	0.011	0.000	0.001	0.937	0.009	0.004	0.038
happy	0.005	0.000	0.000	0.964	0.005	0.001	0.024
happy	0.004	0.000	0.000	0.977	0.003	0.001	0.015
happy	0.008	0.000	0.001	0.967	0.005	0.001	0.019
happy	0.007	0.000	0.001	0.973	0.005	0.001	0.014
happy	0.013	0.000	0.002	0.943	0.009	0.003	0.030
happy	0.009	0.000	0.001	0.970	0.004	0.001	0.016
happy	0.006	0.000	0.000	0.979	0.003	0.001	0.012
happy	0.007	0.000	0.001	0.967	0.004	0.001	0.020
happy	0.003	0.000	0.001	0.978	0.002	0.003	0.014
happy	0.004	0.000	0.001	0.976	0.003	0.001	0.015
happy	0.004	0.000	0.000	0.984	0.002	0.000	0.010
happy	0.003	0.000	0.000	0.978	0.002	0.003	0.013
happy	0.002	0.000	0.000	0.989	0.000	0.002	0.006
happy	0.000	0.000	0.000	0.997	0.000	0.000	0.002
happy	0.001	0.000	0.000	0.989	0.000	0.001	0.009
happy	0.004	0.000	0.001	0.900	0.004	0.001	0.090
happy	0.000	0.000	0.000	0.993	0.001	0.000	0.006
happy	0.000	0.000	0.000	0.998	0.000	0.000	0.002
happy	0.000	0.000	0.000	0.994	0.000	0.000	0.005
happy	0.000	0.000	0.000	0.990	0.000	0.001	0.008
happy	0.000	0.000	0.000	0.988	0.001	0.001	0.010
happy	0.002	0.000	0.000	0.992	0.001	0.002	0.002
happy	0.002	0.000	0.000	0.988	0.001	0.003	0.005
happy	0.001	0.000	0.000	0.992	0.000	0.001	0.005
happy	0.001	0.000	0.000	0.991	0.000	0.001	0.006
happy	0.004	0.000	0.000	0.959	0.002	0.002	0.033
happy	0.001	0.000	0.000	0.987	0.001	0.001	0.011
happy	0.006	0.000	0.001	0.974	0.004	0.003	0.012
happy	0.003	0.000	0.001	0.967	0.002	0.004	0.023
happy	0.003	0.000	0.001	0.975	0.002	0.002	0.018
happy	0.005	0.000	0.001	0.955	0.002	0.005	0.032
happy	0.003	0.000	0.001	0.970	0.002	0.003	0.022
happy	0.009	0.000	0.003	0.897	0.017	0.011	0.063
happy	0.003	0.000	0.003	0.853	0.014	0.008	0.119
happy	0.010	0.000	0.004	0.844	0.016	0.008	0.118
happy	0.008	0.000	0.004	0.821	0.012	0.018	0.137
happy	0.005	0.000	0.002	0.867	0.006	0.008	0.111
happy	0.007	0.000	0.003	0.800	0.020	0.011	0.160
happy	0.009	0.000	0.003	0.864	0.012	0.012	0.100
happy	0.005	0.000	0.003	0.845	0.013	0.012	0.122
happy	0.004	0.000	0.002	0.837	0.011	0.013	0.133
happy	0.011	0.000	0.004	0.717	0.021	0.008	0.239
happy	0.016	0.000	0.005	0.750	0.033	0.012	0.183
happy	0.006	0.000	0.003	0.640	0.022	0.008	0.321
happy	0.006	0.000	0.002	0.685	0.017	0.006	0.284
happy	0.006	0.000	0.002	0.757	0.013	0.008	0.215
happy	0.012	0.000	0.003	0.706	0.024	0.009	0.246
happy	0.007	0.000	0.002	0.779	0.012	0.006	0.195
happy	0.006	0.000	0.002	0.754	0.011	0.006	0.221
happy	0.005	0.000	0.002	0.859	0.010	0.008	0.117
happy	0.009	0.000	0.002	0.750	0.020	0.014	0.205
happy	0.005	0.000	0.002	0.762	0.020	0.013	0.198
happy	0.013	0.001	0.006	0.740	0.045	0.020	0.176
happy	0.007	0.000	0.002	0.768	0.017	0.006	0.200
happy	0.031	0.001	0.006	0.527	0.139	0.003	0.293
happy	0.021	0.002	0.007	0.677	0.080	0.012	0.202
happy	0.010	0.002	0.006	0.516	0.049	0.010	0.407
happy	0.016	0.001	0.008	0.507	0.077	0.014	0.378
happy	0.014	0.002	0.008	0.629	0.062	0.011	0.275
neutral	0.010	0.001	0.005	0.457	0.040	0.022	0.465
happy	0.007	0.001	0.003	0.728	0.021	0.012	0.229
happy	0.007	0.000	0.001	0.756	0.016	0.007	0.212
happy	0.008	0.000	0.002	0.755	0.022	0.004	0.210
happy	0.007	0.000	0.002	0.734	0.014	0.015	0.228
happy	0.006	0.000	0.001	0.830	0.012	0.004	0.147
happy	0.010	0.000	0.002	0.736	0.017	0.011	0.225
happy	0.005	0.000	0.001	0.825	0.011	0.006	0.151
happy	0.006	0.000	0.004	0.652	0.019	0.019	0.300
happy	0.006	0.000	0.002	0.910	0.013	0.023	0.045
happy	0.003	0.000	0.001	0.922	0.007	0.009	0.058
happy	0.003	0.000	0.001	0.913	0.003	0.010	0.069
happy	0.005	0.000	0.002	0.898	0.010	0.014	0.071
happy	0.004	0.000	0.002	0.901	0.010	0.013	0.071
happy	0.005	0.000	0.002	0.871	0.014	0.009	0.099
happy	0.005	0.000	0.001	0.917	0.008	0.010	0.059
happy	0.006	0.000	0.002	0.885	0.011	0.015	0.081
happy	0.004	0.000	0.001	0.920	0.007	0.007	0.061
happy	0.007	0.000	0.003	0.880	0.017	0.006	0.087
happy	0.006	0.000	0.003	0.838	0.017	0.016	0.119
happy	0.012	0.000	0.004	0.794	0.023	0.028	0.139
happy	0.009	0.000	0.003	0.803	0.020	0.012	0.153
happy	0.005	0.000	0.002	0.879	0.012	0.007	0.095
happy	0.006	0.000	0.002	0.873	0.013	0.009	0.097
happy	0.008	0.000	0.003	0.799	0.020	0.013	0.158
happy	0.008	0.000	0.002	0.864	0.011	0.007	0.108
happy	0.006	0.000	0.003	0.842	0.021	0.007	0.121
happy	0.005	0.000	0.002	0.858	0.017	0.007	0.111
happy	0.035	0.000	0.012	0.735	0.054	0.031	0.134
happy	0.005	0.000	0.001	0.822	0.013	0.007	0.152
happy	0.006	0.000	0.002	0.803	0.014	0.007	0.170
happy	0.008	0.000	0.002	0.596	0.014	0.011	0.370
happy	0.007	0.000	0.005	0.717	0.044	0.010	0.216
happy	0.009	0.000	0.005	0.705	0.039	0.009	0.232
happy	0.010	0.001	0.006	0.704	0.046	0.011	0.223
happy	0.009	0.000	0.005	0.704	0.040	0.011	0.231
happy	0.008	0.000	0.004	0.728	0.034	0.009	0.216
happy	0.024	0.000	0.005	0.757	0.048	0.009	0.156
happy	0.006	0.000	0.003	0.822	0.018	0.011	0.140
happy	0.006	0.000	0.002	0.816	0.010	0.007	0.158
happy	0.012	0.000	0.002	0.719	0.020	0.005	0.241
happy	0.012	0.000	0.004	0.747	0.030	0.011	0.195
happy	0.012	0.000	0.004	0.719	0.023	0.013	0.230
happy	0.019	0.001	0.011	0.564	0.072	0.010	0.323
happy	0.017	0.001	0.004	0.678	0.036	0.012	0.253
happy	0.014	0.000	0.003	0.648	0.040	0.008	0.287
happy	0.015	0.000	0.004	0.599	0.045	0.011	0.324
happy	0.014	0.000	0.004	0.702	0.030	0.014	0.235
happy	0.025	0.001	0.005	0.612	0.049	0.011	0.297
happy	0.021	0.002	0.006	0.569	0.054	0.010	0.339
happy	0.021	0.001	0.005	0.620	0.053	0.010	0.290
happy	0.012	0.001	0.004	0.729	0.040	0.012	0.202
happy	0.012	0.001	0.003	0.776	0.029	0.012	0.167
happy	0.020	0.002	0.004	0.666	0.050	0.013	0.245
happy	0.013	0.001	0.004	0.714	0.034	0.013	0.221
happy	0.018	0.001	0.005	0.633	0.047	0.012	0.283
happy	0.024	0.001	0.004	0.638	0.043	0.009	0.281
happy	0.025	0.001	0.005	0.692	0.040	0.011	0.226
happy	0.023	0.001	0.006	0.669	0.052	0.009	0.239
happy	0.035	0.002	0.005	0.566	0.061	0.009	0.322
happy	0.040	0.001	0.007	0.563	0.136	0.010	0.244
happy	0.093	0.001	0.011	0.515	0.131	0.010	0.240
happy	0.022	0.001	0.004	0.613	0.046	0.009	0.306
happy	0.039	0.002	0.009	0.547	0.096	0.012	0.295
happy	0.058	0.001	0.009	0.715	0.071	0.014	0.132
happy	0.027	0.001	0.006	0.614	0.069	0.009	0.273
happy	0.038	0.001	0.004	0.488	0.055	0.009	0.403
happy	0.012	0.000	0.003	0.778	0.029	0.009	0.168
happy	0.007	0.000	0.002	0.665	0.022	0.008	0.296
happy	0.019	0.000	0.003	0.655	0.025	0.007	0.292
happy	0.029	0.001	0.003	0.552	0.028	0.006	0.382
happy	0.030	0.001	0.003	0.683	0.023	0.007	0.253
happy	0.034	0.002	0.007	0.464	0.078	0.011	0.402
happy	0.025	0.001	0.008	0.572	0.085	0.011	0.297
neutral	0.043	0.002	0.007	0.353	0.091	0.011	0.493
happy	0.019	0.001	0.006	0.614	0.060	0.010	0.289
happy	0.024	0.002	0.006	0.588	0.067	0.008	0.304
happy	0.030	0.001	0.004	0.531	0.053	0.012	0.369
happy	0.026	0.001	0.004	0.584	0.040	0.005	0.340
happy	0.025	0.001	0.004	0.493	0.041	0.004	0.432
happy	0.031	0.003	0.004	0.580	0.048	0.008	0.327
happy	0.027	0.002	0.004	0.577	0.049	0.006	0.335
happy	0.033	0.002	0.003	0.502	0.047	0.006	0.407
happy	0.045	0.004	0.012	0.518	0.139	0.009	0.274
happy	0.088	0.004	0.013	0.390	0.176	0.013	0.317
happy	0.033	0.005	0.008	0.511	0.097	0.009	0.338
happy	0.052	0.002	0.004	0.473	0.055	0.007	0.406
happy	0.031	0.004	0.009	0.517	0.082	0.006	0.352
happy	0.040	0.002	0.004	0.565	0.048	0.005	0.337
happy	0.041	0.003	0.007	0.647	0.071	0.005	0.225
happy	0.023	0.001	0.003	0.508	0.043	0.003	0.419
happy	0.027	0.001	0.004	0.627	0.047	0.005	0.289
happy	0.038	0.003	0.004	0.615	0.050	0.005	0.287
happy	0.040	0.004	0.006	0.505	0.069	0.005	0.372
happy	0.028	0.002	0.003	0.494	0.050	0.004	0.418
happy	0.036	0.002	0.004	0.540	0.053	0.005	0.359
happy	0.012	0.001	0.005	0.534	0.078	0.010	0.360
happy	0.024	0.002	0.003	0.469	0.053	0.004	0.444
happy	0.020	0.002	0.004	0.601	0.054	0.006	0.313
neutral	0.033	0.002	0.003	0.446	0.051	0.004	0.461
happy	0.023	0.002	0.011	0.447	0.120	0.010	0.387
happy	0.019	0.001	0.004	0.611	0.050	0.006	0.309
happy	0.022	0.003	0.005	0.614	0.060	0.009	0.287
happy	0.042	0.002	0.010	0.432	0.134	0.010	0.370
happy	0.040	0.005	0.009	0.515	0.128	0.009	0.294
happy	0.019	0.001	0.003	0.615	0.040	0.005	0.316
happy	0.038	0.002	0.004	0.536	0.046	0.003	0.372
happy	0.034	0.001	0.004	0.581	0.041	0.004	0.334
happy	0.022	0.002	0.002	0.708	0.026	0.004	0.237
happy	0.023	0.001	0.003	0.608	0.025	0.008	0.332
happy	0.031	0.001	0.003	0.487	0.035	0.007	0.435
happy	0.025	0.002	0.003	0.566	0.034	0.006	0.364
happy	0.019	0.002	0.005	0.577	0.046	0.007	0.345
happy	0.017	0.002	0.003	0.689	0.040	0.006	0.243
happy	0.017	0.001	0.005	0.585	0.054	0.006	0.332
happy	0.032	0.001	0.003	0.606	0.039	0.005	0.313
happy	0.018	0.001	0.002	0.718	0.018	0.007	0.236
happy	0.027	0.001	0.002	0.632	0.028	0.004	0.307
happy	0.021	0.001	0.002	0.695	0.026	0.004	0.251
happy	0.033	0.002	0.003	0.591	0.040	0.005	0.327
happy	0.023	0.001	0.002	0.629	0.030	0.003	0.311
happy	0.022	0.001	0.002	0.693	0.023	0.005	0.253
happy	0.025	0.003	0.002	0.640	0.027	0.005	0.298
happy	0.029	0.003	0.006	0.461	0.051	0.007	0.444
happy	0.023	0.007	0.004	0.693	0.045	0.002	0.226
happy	0.022	0.003	0.006	0.759	0.043	0.003	0.164
happy	0.022	0.004	0.004	0.688	0.038	0.002	0.242
happy	0.013	0.002	0.002	0.802	0.025	0.002	0.155
happy	0.004	0.000	0.002	0.871	0.016	0.002	0.105
happy	0.004	0.000	0.002	0.903	0.011	0.003	0.077
happy	0.003	0.000	0.000	0.980	0.003	0.001	0.013
happy	0.002	0.000	0.000	0.977	0.003	0.001	0.017
happy	0.003	0.000	0.000	0.981	0.002	0.001	0.012
happy	0.005	0.000	0.001	0.954	0.006	0.004	0.030
happy	0.003	0.000	0.000	0.984	0.003	0.001	0.009
happy	0.005	0.000	0.001	0.948	0.010	0.001	0.035
happy	0.004	0.000	0.001	0.956	0.008	0.002	0.029
happy	0.004	0.000	0.001	0.968	0.006	0.002	0.018
happy	0.004	0.000	0.001	0.984	0.003	0.001	0.008
happy	0.001	0.000	0.000	0.992	0.001	0.001	0.005
happy	0.001	0.000	0.000	0.993	0.001	0.001	0.004
happy	0.001	0.000	0.000	0.992	0.001	0.001	0.005
happy	0.001	0.000	0.000	0.993	0.001	0.001	0.004
happy	0.001	0.000	0.000	0.994	0.000	0.000	0.004
happy	0.001	0.000	0.000	0.995	0.000	0.000	0.004
happy	0.001	0.000	0.000	0.993	0.001	0.000	0.005
happy	0.001	0.000	0.000	0.992	0.001	0.000	0.006
happy	0.001	0.000	0.000	0.995	0.000	0.000	0.003
happy	0.001	0.000	0.000	0.994	0.001	0.001	0.004
happy	0.001	0.000	0.000	0.996	0.000	0.000	0.002
happy	0.001	0.000	0.000	0.997	0.000	0.000	0.002
happy	0.001	0.000	0.000	0.995	0.001	0.000	0.003
happy	0.001	0.000	0.000	0.995	0.001	0.000	0.003
happy	0.001	0.000	0.000	0.995	0.001	0.000	0.002
happy	0.006	0.000	0.002	0.982	0.003	0.002	0.006
happy	0.005	0.000	0.001	0.972	0.005	0.002	0.015
happy	0.004	0.000	0.002	0.949	0.010	0.002	0.035
happy	0.004	0.000	0.001	0.971	0.004	0.001	0.019
happy	0.007	0.000	0.001	0.981	0.005	0.001	0.006
happy	0.002	0.000	0.001	0.988	0.002	0.001	0.006
happy	0.006	0.000	0.001	0.965	0.009	0.001	0.019
happy	0.005	0.000	0.001	0.974	0.006	0.006	0.008
happy	0.003	0.000	0.001	0.978	0.005	0.003	0.010
happy	0.001	0.000	0.000	0.980	0.001	0.008	0.009
happy	0.002	0.000	0.000	0.984	0.001	0.005	0.008
happy	0.002	0.000	0.000	0.956	0.003	0.002	0.037
happy	0.001	0.000	0.000	0.983	0.001	0.000	0.015
happy	0.000	0.000	0.000	0.994	0.000	0.000	0.005
happy	0.001	0.000	0.000	0.994	0.000	0.000	0.005
happy	0.000	0.000	0.000	0.998	0.000	0.000	0.002
happy	0.001	0.000	0.000	0.996	0.000	0.000	0.003
happy	0.001	0.000	0.000	0.996	0.000	0.000	0.003
happy	0.001	0.000	0.000	0.995	0.000	0.000	0.004
happy	0.000	0.000	0.000	0.996	0.000	0.000	0.003
happy	0.000	0.000	0.000	0.998	0.000	0.000	0.001
happy	0.001	0.000	0.000	0.996	0.000	0.000	0.003
happy	0.000	0.000	0.000	0.997	0.000	0.000	0.003
happy	0.000	0.000	0.000	0.997	0.000	0.000	0.002
happy	0.001	0.000	0.000	0.998	0.000	0.000	0.001
happy	0.000	0.000	0.000	0.998	0.000	0.000	0.001
happy	0.001	0.000	0.000	0.996	0.000	0.000	0.002
happy	0.001	0.000	0.000	0.996	0.000	0.001	0.003
happy	0.001	0.000	0.000	0.993	0.000	0.002	0.004
happy	0.002	0.000	0.000	0.985	0.000	0.001	0.011
happy	0.001	0.000	0.000	0.989	0.000	0.001	0.008
happy	0.001	0.000	0.000	0.987	0.000	0.001	0.010
happy	0.001	0.000	0.000	0.988	0.000	0.001	0.010
happy	0.001	0.000	0.000	0.992	0.000	0.000	0.006
happy	0.002	0.000	0.000	0.986	0.000	0.001	0.011
happy	0.002	0.000	0.000	0.988	0.000	0.002	0.008
happy	0.001	0.000	0.000	0.989	0.000	0.000	0.009
happy	0.002	0.000	0.000	0.979	0.001	0.002	0.017
happy	0.001	0.000	0.000	0.988	0.000	0.001	0.009
happy	0.001	0.000	0.000	0.983	0.001	0.000	0.015
happy	0.001	0.000	0.000	0.985	0.001	0.001	0.013
happy	0.001	0.000	0.000	0.979	0.001	0.001	0.018
happy	0.001	0.000	0.000	0.985	0.000	0.001	0.013
happy	0.001	0.000	0.000	0.986	0.001	0.001	0.011
happy	0.001	0.000	0.000	0.990	0.000	0.001	0.008
happy	0.001	0.000	0.000	0.986	0.000	0.001	0.012
happy	0.002	0.000	0.000	0.978	0.001	0.002	0.018
happy	0.001	0.000	0.000	0.981	0.001	0.001	0.016
happy	0.002	0.000	0.000	0.977	0.001	0.002	0.019
happy	0.002	0.000	0.000	0.980	0.001	0.004	0.014
happy	0.001	0.000	0.000	0.982	0.001	0.001	0.015
happy	0.001	0.000	0.000	0.974	0.001	0.002	0.022
happy	0.002	0.000	0.000	0.979	0.001	0.003	0.016
happy	0.001	0.000	0.000	0.976	0.001	0.002	0.021
happy	0.002	0.000	0.000	0.974	0.000	0.003	0.021
happy	0.001	0.000	0.000	0.967	0.001	0.003	0.027
happy	0.001	0.000	0.000	0.968	0.001	0.004	0.026
happy	0.005	0.000	0.000	0.959	0.002	0.002	0.032
happy	0.002	0.000	0.000	0.934	0.002	0.003	0.059
happy	0.002	0.000	0.000	0.972	0.001	0.006	0.020
happy	0.004	0.000	0.000	0.936	0.001	0.001	0.057
happy	0.005	0.000	0.000	0.946	0.001	0.002	0.045
happy	0.002	0.000	0.000	0.962	0.001	0.003	0.032
happy	0.003	0.000	0.000	0.958	0.001	0.002	0.036
happy	0.002	0.000	0.000	0.961	0.001	0.002	0.033
happy	0.002	0.000	0.000	0.974	0.001	0.003	0.020
happy	0.001	0.000	0.000	0.976	0.001	0.004	0.017
happy	0.003	0.000	0.000	0.945	0.003	0.002	0.046
happy	0.002	0.000	0.000	0.948	0.003	0.002	0.046
happy	0.001	0.000	0.000	0.962	0.002	0.001	0.033
happy	0.001	0.000	0.000	0.970	0.001	0.001	0.027
happy	0.001	0.000	0.000	0.957	0.001	0.002	0.039
happy	0.001	0.000	0.000	0.964	0.001	0.002	0.032
happy	0.001	0.000	0.000	0.967	0.001	0.002	0.029
happy	0.003	0.000	0.000	0.956	0.002	0.005	0.034
happy	0.002	0.000	0.000	0.957	0.002	0.005	0.034
happy	0.005	0.000	0.001	0.932	0.003	0.005	0.055
happy	0.004	0.000	0.000	0.946	0.001	0.004	0.044
happy	0.005	0.000	0.001	0.926	0.004	0.005	0.059
happy	0.001	0.000	0.000	0.966	0.001	0.004	0.027
happy	0.001	0.000	0.000	0.965	0.001	0.004	0.028
happy	0.002	0.000	0.000	0.955	0.001	0.005	0.036
happy	0.002	0.000	0.000	0.942	0.001	0.006	0.049
happy	0.002	0.000	0.000	0.936	0.003	0.004	0.053
happy	0.002	0.000	0.000	0.942	0.002	0.002	0.051
happy	0.002	0.000	0.000	0.953	0.001	0.006	0.037
happy	0.005	0.000	0.000	0.943	0.002	0.005	0.044
happy	0.002	0.000	0.000	0.950	0.002	0.002	0.043
happy	0.001	0.000	0.000	0.957	0.001	0.003	0.037
happy	0.001	0.000	0.000	0.963	0.001	0.003	0.031
happy	0.001	0.000	0.000	0.955	0.001	0.002	0.041
happy	0.003	0.000	0.000	0.955	0.002	0.003	0.038
happy	0.003	0.000	0.000	0.962	0.003	0.002	0.030
happy	0.001	0.000	0.000	0.950	0.001	0.002	0.045
happy	0.001	0.000	0.000	0.961	0.001	0.003	0.034
happy	0.001	0.000	0.000	0.957	0.002	0.005	0.035
happy	0.001	0.000	0.000	0.955	0.002	0.004	0.038
happy	0.003	0.000	0.000	0.945	0.002	0.001	0.048
happy	0.003	0.000	0.000	0.918	0.004	0.001	0.074
happy	0.001	0.000	0.000	0.960	0.001	0.004	0.034
happy	0.002	0.000	0.000	0.962	0.001	0.002	0.033
happy	0.001	0.000	0.000	0.964	0.001	0.002	0.032
happy	0.002	0.000	0.000	0.968	0.001	0.002	0.025
happy	0.002	0.000	0.000	0.968	0.001	0.004	0.025
happy	0.001	0.000	0.000	0.946	0.001	0.003	0.048
happy	0.002	0.000	0.000	0.954	0.002	0.002	0.041
happy	0.002	0.000	0.000	0.961	0.001	0.002	0.034
happy	0.001	0.000	0.000	0.959	0.001	0.003	0.036
happy	0.001	0.000	0.000	0.962	0.001	0.003	0.032
happy	0.001	0.000	0.000	0.976	0.001	0.002	0.020
happy	0.002	0.000	0.000	0.939	0.002	0.002	0.055
happy	0.001	0.000	0.000	0.924	0.002	0.004	0.068
happy	0.002	0.000	0.000	0.965	0.001	0.002	0.030
happy	0.001	0.000	0.000	0.967	0.001	0.004	0.027
happy	0.002	0.000	0.000	0.973	0.001	0.002	0.021
happy	0.003	0.000	0.000	0.967	0.002	0.001	0.026
happy	0.002	0.000	0.000	0.963	0.001	0.003	0.031
happy	0.003	0.000	0.001	0.944	0.001	0.013	0.038
happy	0.005	0.000	0.000	0.953	0.001	0.005	0.036
happy	0.003	0.000	0.000	0.955	0.001	0.006	0.035
happy	0.004	0.000	0.000	0.954	0.001	0.003	0.038
happy	0.001	0.000	0.000	0.967	0.001	0.001	0.030
happy	0.001	0.000	0.000	0.963	0.002	0.001	0.033
happy	0.001	0.000	0.000	0.977	0.001	0.000	0.021
happy	0.001	0.000	0.000	0.967	0.001	0.000	0.030
happy	0.002	0.000	0.001	0.958	0.003	0.001	0.037
happy	0.001	0.000	0.000	0.976	0.001	0.001	0.020
happy	0.003	0.000	0.001	0.845	0.010	0.002	0.138
happy	0.022	0.000	0.003	0.802	0.023	0.006	0.143
happy	0.007	0.000	0.001	0.870	0.008	0.003	0.112
happy	0.016	0.000	0.001	0.820	0.007	0.003	0.153
happy	0.013	0.000	0.001	0.843	0.006	0.004	0.134
happy	0.013	0.000	0.001	0.792	0.008	0.006	0.179
happy	0.021	0.000	0.002	0.718	0.011	0.009	0.239
happy	0.023	0.000	0.002	0.651	0.011	0.007	0.306
happy	0.043	0.000	0.002	0.541	0.009	0.004	0.400
happy	0.028	0.000	0.003	0.486	0.015	0.007	0.460
happy	0.014	0.000	0.002	0.610	0.012	0.004	0.357
happy	0.011	0.000	0.002	0.669	0.022	0.003	0.291
happy	0.013	0.000	0.002	0.742	0.017	0.004	0.221
happy	0.013	0.000	0.001	0.692	0.016	0.002	0.276
happy	0.009	0.000	0.001	0.738	0.014	0.003	0.235
happy	0.006	0.000	0.001	0.703	0.016	0.003	0.271
happy	0.013	0.000	0.003	0.523	0.024	0.004	0.433
happy	0.008	0.000	0.002	0.574	0.018	0.002	0.395
happy	0.007	0.000	0.002	0.565	0.017	0.005	0.403
happy	0.011	0.000	0.002	0.601	0.016	0.003	0.367
neutral	0.024	0.000	0.004	0.453	0.034	0.004	0.479
happy	0.009	0.000	0.003	0.489	0.025	0.003	0.471
neutral	0.016	0.000	0.003	0.403	0.033	0.004	0.540
happy	0.010	0.000	0.002	0.692	0.024	0.003	0.270
happy	0.023	0.000	0.002	0.661	0.024	0.002	0.288
happy	0.014	0.000	0.003	0.680	0.029	0.002	0.272
happy	0.024	0.000	0.003	0.650	0.032	0.002	0.289
happy	0.032	0.000	0.003	0.722	0.028	0.003	0.212
happy	0.032	0.000	0.002	0.603	0.038	0.001	0.323
happy	0.019	0.000	0.002	0.637	0.015	0.004	0.322
happy	0.013	0.000	0.003	0.596	0.017	0.004	0.367
happy	0.014	0.000	0.002	0.689	0.007	0.004	0.284
happy	0.023	0.000	0.002	0.562	0.013	0.004	0.396
happy	0.022	0.000	0.003	0.633	0.014	0.003	0.325
happy	0.015	0.000	0.002	0.483	0.024	0.002	0.473
happy	0.011	0.000	0.001	0.782	0.011	0.002	0.194
happy	0.012	0.000	0.001	0.783	0.013	0.001	0.190
happy	0.003	0.000	0.000	0.939	0.003	0.001	0.054
happy	0.007	0.000	0.001	0.788	0.007	0.001	0.196
happy	0.015	0.000	0.001	0.698	0.010	0.002	0.274
happy	0.014	0.000	0.001	0.735	0.014	0.002	0.234
happy	0.027	0.000	0.002	0.694	0.026	0.002	0.249
happy	0.012	0.000	0.002	0.708	0.012	0.003	0.263
happy	0.029	0.000	0.002	0.512	0.012	0.004	0.442
happy	0.013	0.000	0.001	0.788	0.013	0.004	0.181
happy	0.017	0.000	0.002	0.743	0.010	0.006	0.221
happy	0.028	0.000	0.003	0.708	0.012	0.009	0.239
happy	0.049	0.000	0.005	0.522	0.021	0.012	0.391
happy	0.016	0.000	0.002	0.687	0.008	0.005	0.282
happy	0.039	0.000	0.003	0.660	0.013	0.009	0.277
happy	0.013	0.000	0.001	0.820	0.008	0.005	0.153
happy	0.013	0.000	0.002	0.678	0.011	0.004	0.292
happy	0.027	0.000	0.003	0.585	0.017	0.007	0.359
happy	0.009	0.000	0.001	0.752	0.012	0.003	0.222
happy	0.010	0.000	0.002	0.659	0.010	0.004	0.316
happy	0.014	0.000	0.003	0.576	0.014	0.007	0.387
happy	0.010	0.000	0.004	0.631	0.014	0.005	0.337
happy	0.009	0.000	0.002	0.565	0.019	0.004	0.401
happy	0.009	0.000	0.002	0.564	0.015	0.004	0.406
happy	0.009	0.000	0.002	0.591	0.016	0.004	0.378
happy	0.008	0.000	0.002	0.543	0.014	0.004	0.429
happy	0.012	0.000	0.002	0.618	0.017	0.003	0.347
happy	0.012	0.000	0.002	0.540	0.016	0.002	0.428
happy	0.010	0.000	0.001	0.588	0.010	0.002	0.389
happy	0.059	0.000	0.002	0.556	0.010	0.007	0.367
happy	0.070	0.000	0.003	0.541	0.010	0.009	0.367
happy	0.054	0.000	0.003	0.471	0.010	0.007	0.456
happy	0.031	0.000	0.002	0.533	0.009	0.004	0.421
happy	0.019	0.000	0.002	0.561	0.016	0.002	0.400
happy	0.012	0.000	0.002	0.729	0.011	0.002	0.245
happy	0.013	0.000	0.001	0.639	0.014	0.002	0.330
happy	0.012	0.000	0.002	0.485	0.021	0.002	0.478
neutral	0.015	0.000	0.002	0.444	0.024	0.002	0.512
happy	0.018	0.000	0.002	0.535	0.021	0.003	0.421
happy	0.010	0.000	0.001	0.568	0.010	0.002	0.409
happy	0.020	0.000	0.003	0.525	0.019	0.003	0.430
happy	0.013	0.000	0.002	0.509	0.014	0.002	0.460
happy	0.022	0.000	0.002	0.530	0.027	0.003	0.416
happy	0.015	0.000	0.002	0.512	0.020	0.002	0.450
neutral	0.016	0.000	0.003	0.402	0.018	0.003	0.557
neutral	0.021	0.000	0.002	0.435	0.022	0.002	0.518
happy	0.013	0.000	0.002	0.610	0.021	0.001	0.352
neutral	0.020	0.000	0.003	0.437	0.024	0.003	0.514
happy	0.012	0.000	0.002	0.496	0.014	0.002	0.474
happy	0.010	0.000	0.002	0.602	0.013	0.002	0.371
happy	0.023	0.000	0.002	0.551	0.012	0.003	0.408
neutral	0.031	0.000	0.002	0.451	0.009	0.006	0.500
happy	0.041	0.000	0.004	0.596	0.009	0.007	0.344
happy	0.014	0.000	0.002	0.724	0.015	0.002	0.243
happy	0.055	0.000	0.003	0.493	0.015	0.002	0.432
happy	0.045	0.000	0.002	0.526	0.007	0.006	0.413
neutral	0.056	0.000	0.002	0.458	0.007	0.008	0.470
happy	0.071	0.000	0.003	0.523	0.006	0.007	0.389
happy	0.044	0.000	0.002	0.490	0.005	0.006	0.452
neutral	0.104	0.000	0.006	0.393	0.013	0.009	0.476
happy	0.080	0.000	0.006	0.462	0.011	0.006	0.435
neutral	0.063	0.000	0.003	0.423	0.007	0.008	0.495
neutral	0.055	0.000	0.003	0.385	0.009	0.006	0.542
neutral	0.142	0.000	0.004	0.357	0.008	0.009	0.481
neutral	0.064	0.000	0.003	0.325	0.012	0.007	0.589
happy	0.019	0.000	0.003	0.613	0.014	0.007	0.343
neutral	0.016	0.000	0.002	0.385	0.023	0.003	0.570
neutral	0.015	0.000	0.003	0.385	0.021	0.004	0.572
neutral	0.017	0.000	0.002	0.405	0.017	0.003	0.556
happy	0.017	0.000	0.002	0.492	0.018	0.003	0.467
neutral	0.014	0.000	0.003	0.444	0.023	0.002	0.514
happy	0.026	0.000	0.003	0.489	0.028	0.002	0.452
neutral	0.009	0.000	0.002	0.378	0.020	0.002	0.589
neutral	0.015	0.000	0.002	0.431	0.018	0.002	0.533
neutral	0.063	0.000	0.003	0.436	0.010	0.004	0.483
neutral	0.056	0.000	0.002	0.404	0.006	0.009	0.523
neutral	0.106	0.000	0.005	0.301	0.011	0.011	0.566
neutral	0.028	0.000	0.004	0.357	0.019	0.004	0.588
neutral	0.021	0.000	0.002	0.301	0.026	0.003	0.646
neutral	0.014	0.000	0.002	0.373	0.018	0.002	0.591
neutral	0.076	0.000	0.005	0.442	0.011	0.006	0.460
neutral	0.073	0.000	0.003	0.371	0.008	0.006	0.539
neutral	0.080	0.000	0.005	0.394	0.014	0.004	0.503
happy	0.070	0.000	0.004	0.495	0.010	0.005	0.416
neutral	0.080	0.000	0.004	0.449	0.010	0.006	0.450
neutral	0.136	0.000	0.004	0.370	0.008	0.007	0.476
happy	0.081	0.000	0.003	0.462	0.007	0.009	0.439
neutral	0.087	0.000	0.005	0.427	0.013	0.005	0.463
happy	0.056	0.000	0.002	0.509	0.008	0.004	0.420
happy	0.024	0.000	0.003	0.534	0.024	0.002	0.413
neutral	0.118	0.000	0.006	0.266	0.018	0.005	0.587
neutral	0.053	0.000	0.003	0.353	0.009	0.006	0.577
neutral	0.082	0.000	0.005	0.333	0.011	0.006	0.562
neutral	0.038	0.000	0.004	0.376	0.029	0.002	0.551
neutral	0.019	0.000	0.004	0.339	0.018	0.004	0.617
neutral	0.017	0.000	0.004	0.322	0.025	0.002	0.629
neutral	0.015	0.000	0.003	0.347	0.018	0.003	0.614
neutral	0.030	0.000	0.004	0.382	0.019	0.004	0.561
neutral	0.035	0.000	0.004	0.382	0.025	0.002	0.552
neutral	0.027	0.000	0.003	0.426	0.017	0.002	0.523
neutral	0.029	0.000	0.004	0.385	0.019	0.003	0.560
neutral	0.020	0.000	0.005	0.377	0.021	0.003	0.573
neutral	0.026	0.000	0.005	0.337	0.028	0.004	0.601
neutral	0.027	0.000	0.004	0.413	0.024	0.003	0.528
neutral	0.064	0.000	0.005	0.368	0.017	0.006	0.541
neutral	0.074	0.000	0.006	0.381	0.013	0.007	0.520
happy	0.048	0.000	0.004	0.471	0.008	0.010	0.459
neutral	0.071	0.000	0.004	0.366	0.012	0.004	0.543
neutral	0.041	0.000	0.003	0.389	0.011	0.005	0.551
happy	0.071	0.000	0.004	0.474	0.009	0.007	0.435
neutral	0.081	0.000	0.004	0.415	0.011	0.008	0.480
happy	0.058	0.000	0.003	0.599	0.008	0.003	0.330
neutral	0.084	0.000	0.004	0.343	0.011	0.007	0.552
happy	0.068	0.000	0.003	0.547	0.009	0.003	0.369
neutral	0.074	0.000	0.004	0.364	0.010	0.006	0.542
neutral	0.051	0.000	0.004	0.424	0.009	0.006	0.505
neutral	0.110	0.000	0.005	0.356	0.011	0.005	0.513
happy	0.043	0.000	0.002	0.580	0.007	0.003	0.365
neutral	0.076	0.000	0.004	0.386	0.011	0.006	0.517
neutral	0.079	0.000	0.004	0.405	0.010	0.006	0.495
neutral	0.044	0.000	0.004	0.390	0.010	0.005	0.546
happy	0.014	0.000	0.003	0.541	0.019	0.003	0.421
neutral	0.015	0.000	0.004	0.457	0.025	0.003	0.496
happy	0.058	0.000	0.003	0.535	0.008	0.003	0.394
neutral	0.061	0.000	0.005	0.421	0.011	0.007	0.494
neutral	0.093	0.000	0.005	0.425	0.012	0.006	0.458
happy	0.086	0.000	0.004	0.465	0.009	0.009	0.425
happy	0.073	0.000	0.003	0.538	0.009	0.003	0.374
happy	0.055	0.000	0.003	0.640	0.008	0.003	0.290
happy	0.094	0.000	0.004	0.454	0.010	0.006	0.432
neutral	0.035	0.000	0.004	0.424	0.020	0.003	0.513
happy	0.030	0.000	0.005	0.476	0.027	0.003	0.459
happy	0.016	0.000	0.002	0.670	0.015	0.002	0.295
happy	0.059	0.000	0.006	0.602	0.012	0.006	0.315
happy	0.049	0.000	0.005	0.560	0.011	0.013	0.362
happy	0.032	0.000	0.004	0.616	0.008	0.007	0.332
happy	0.040	0.000	0.004	0.489	0.009	0.008	0.450
happy	0.040	0.000	0.004	0.535	0.006	0.013	0.402
happy	0.083	0.000	0.004	0.560	0.008	0.013	0.332
happy	0.093	0.000	0.005	0.530	0.007	0.014	0.351
happy	0.030	0.000	0.003	0.661	0.005	0.008	0.293
happy	0.028	0.000	0.003	0.539	0.007	0.011	0.412
happy	0.049	0.000	0.003	0.530	0.007	0.012	0.399
neutral	0.022	0.000	0.003	0.421	0.008	0.007	0.539
neutral	0.028	0.000	0.004	0.335	0.024	0.004	0.605
neutral	0.025	0.000	0.004	0.361	0.015	0.004	0.591
neutral	0.014	0.000	0.003	0.477	0.012	0.005	0.490
neutral	0.107	0.000	0.005	0.331	0.012	0.007	0.538
happy	0.080	0.000	0.006	0.570	0.009	0.010	0.326
happy	0.037	0.000	0.004	0.547	0.006	0.006	0.401
happy	0.055	0.000	0.005	0.491	0.007	0.009	0.433
neutral	0.090	0.000	0.004	0.395	0.010	0.010	0.491
happy	0.043	0.000	0.004	0.535	0.006	0.008	0.404
happy	0.064	0.000	0.004	0.507	0.009	0.006	0.410
happy	0.083	0.000	0.004	0.479	0.010	0.008	0.416
happy	0.050	0.000	0.004	0.556	0.011	0.008	0.371
neutral	0.021	0.000	0.003	0.444	0.017	0.004	0.512
neutral	0.029	0.000	0.005	0.430	0.016	0.005	0.514
neutral	0.023	0.000	0.004	0.412	0.024	0.005	0.533
neutral	0.034	0.000	0.005	0.376	0.020	0.006	0.560
happy	0.029	0.000	0.004	0.533	0.016	0.003	0.414
happy	0.061	0.000	0.004	0.494	0.009	0.007	0.426
neutral	0.049	0.000	0.004	0.345	0.012	0.006	0.584
happy	0.081	0.000	0.004	0.534	0.008	0.006	0.367
neutral	0.093	0.000	0.005	0.371	0.011	0.008	0.513
happy	0.018	0.000	0.002	0.475	0.034	0.001	0.469
happy	0.036	0.000	0.004	0.500	0.010	0.007	0.442
neutral	0.056	0.000	0.003	0.382	0.011	0.005	0.543
happy	0.114	0.000	0.005	0.462	0.010	0.007	0.402
happy	0.060	0.000	0.003	0.577	0.007	0.007	0.346
neutral	0.119	0.000	0.007	0.363	0.013	0.011	0.487
neutral	0.025	0.000	0.004	0.395	0.030	0.003	0.544
happy	0.018	0.000	0.004	0.490	0.019	0.004	0.465
neutral	0.068	0.000	0.005	0.446	0.015	0.005	0.461
happy	0.063	0.000	0.005	0.493	0.013	0.007	0.418
neutral	0.080	0.000	0.005	0.354	0.011	0.007	0.542
happy	0.083	0.000	0.005	0.523	0.011	0.007	0.371
happy	0.058	0.000	0.004	0.552	0.007	0.007	0.371
neutral	0.056	0.000	0.004	0.428	0.011	0.005	0.496
neutral	0.063	0.000	0.004	0.407	0.011	0.006	0.508
neutral	0.079	0.000	0.005	0.429	0.011	0.012	0.465
neutral	0.094	0.000	0.004	0.436	0.009	0.008	0.449
neutral	0.115	0.000	0.004	0.409	0.007	0.006	0.459
happy	0.106	0.000	0.003	0.477	0.006	0.006	0.401
happy	0.062	0.000	0.003	0.468	0.006	0.007	0.453
neutral	0.065	0.000	0.003	0.447	0.006	0.008	0.471
happy	0.075	0.000	0.004	0.485	0.007	0.017	0.412
happy	0.100	0.000	0.004	0.445	0.008	0.014	0.428
happy	0.079	0.000	0.004	0.467	0.007	0.019	0.424
happy	0.074	0.000	0.004	0.614	0.005	0.012	0.292
neutral	0.069	0.000	0.004	0.409	0.010	0.011	0.497
happy	0.055	0.000	0.003	0.482	0.007	0.010	0.443
neutral	0.025	0.000	0.003	0.377	0.023	0.004	0.567
neutral	0.021	0.000	0.002	0.445	0.019	0.004	0.509
neutral	0.020	0.000	0.003	0.408	0.018	0.003	0.547
happy	0.027	0.000	0.003	0.538	0.012	0.004	0.416
happy	0.018	0.000	0.003	0.585	0.011	0.003	0.381
happy	0.015	0.000	0.003	0.590	0.014	0.003	0.375
happy	0.009	0.000	0.002	0.642	0.017	0.003	0.327
happy	0.014	0.000	0.002	0.482	0.022	0.003	0.475
happy	0.012	0.000	0.003	0.559	0.017	0.005	0.404
neutral	0.017	0.000	0.004	0.393	0.019	0.002	0.565
neutral	0.048	0.000	0.003	0.455	0.014	0.004	0.477
happy	0.114	0.000	0.005	0.457	0.009	0.011	0.405
neutral	0.107	0.000	0.005	0.423	0.010	0.014	0.441
happy	0.089	0.000	0.004	0.533	0.006	0.009	0.358
happy	0.062	0.000	0.003	0.621	0.005	0.010	0.299
happy	0.072	0.000	0.003	0.562	0.006	0.009	0.347
neutral	0.125	0.000	0.006	0.392	0.011	0.011	0.455
happy	0.078	0.000	0.003	0.517	0.007	0.008	0.388
neutral	0.079	0.000	0.003	0.376	0.009	0.009	0.524
happy	0.104	0.000	0.004	0.539	0.010	0.011	0.332
neutral	0.072	0.000	0.003	0.436	0.009	0.010	0.469
happy	0.105	0.000	0.004	0.494	0.006	0.015	0.376
neutral	0.089	0.000	0.004	0.381	0.008	0.009	0.510
happy	0.108	0.000	0.004	0.435	0.011	0.009	0.432
neutral	0.111	0.000	0.004	0.426	0.011	0.012	0.436
neutral	0.051	0.000	0.003	0.410	0.010	0.008	0.517
neutral	0.022	0.000	0.003	0.387	0.018	0.005	0.564
neutral	0.029	0.000	0.003	0.419	0.013	0.004	0.532
neutral	0.029	0.000	0.003	0.432	0.015	0.003	0.516
happy	0.014	0.000	0.004	0.541	0.017	0.004	0.419
happy	0.015	0.000	0.003	0.585	0.033	0.003	0.363
happy	0.019	0.000	0.002	0.484	0.016	0.002	0.477
happy	0.011	0.000	0.002	0.630	0.017	0.003	0.338
happy	0.011	0.000	0.002	0.566	0.015	0.005	0.402
happy	0.087	0.000	0.005	0.497	0.010	0.008	0.393
happy	0.122	0.000	0.004	0.537	0.006	0.018	0.312
happy	0.083	0.000	0.003	0.539	0.005	0.017	0.353
happy	0.088	0.000	0.005	0.476	0.010	0.012	0.408
happy	0.088	0.000	0.006	0.454	0.009	0.009	0.433
happy	0.162	0.000	0.006	0.448	0.009	0.014	0.360
happy	0.086	0.000	0.003	0.553	0.004	0.012	0.342
neutral	0.140	0.000	0.005	0.354	0.011	0.013	0.478
happy	0.058	0.000	0.003	0.565	0.007	0.010	0.357
neutral	0.101	0.000	0.004	0.374	0.009	0.008	0.503
neutral	0.016	0.000	0.003	0.342	0.015	0.005	0.619
neutral	0.037	0.000	0.004	0.329	0.019	0.003	0.608
neutral	0.020	0.000	0.004	0.261	0.036	0.003	0.675
neutral	0.016	0.000	0.003	0.396	0.014	0.003	0.567
happy	0.020	0.000	0.003	0.546	0.015	0.003	0.414
happy	0.062	0.000	0.004	0.530	0.008	0.014	0.382
neutral	0.070	0.000	0.004	0.431	0.011	0.008	0.477
neutral	0.102	0.000	0.005	0.338	0.011	0.007	0.537
neutral	0.132	0.000	0.005	0.373	0.013	0.009	0.467
neutral	0.091	0.000	0.004	0.388	0.012	0.009	0.496
happy	0.061	0.000	0.004	0.537	0.008	0.012	0.379
happy	0.099	0.000	0.003	0.495	0.007	0.015	0.382
neutral	0.080	0.000	0.002	0.419	0.009	0.011	0.478
neutral	0.082	0.000	0.004	0.353	0.008	0.007	0.545
neutral	0.075	0.000	0.004	0.409	0.008	0.009	0.495
happy	0.051	0.000	0.003	0.594	0.008	0.009	0.334
neutral	0.055	0.000	0.003	0.456	0.007	0.012	0.467
neutral	0.067	0.000	0.004	0.432	0.007	0.012	0.478
happy	0.050	0.000	0.003	0.600	0.007	0.008	0.332
happy	0.204	0.000	0.003	0.439	0.007	0.009	0.338
happy	0.283	0.000	0.005	0.450	0.009	0.010	0.243
happy	0.177	0.000	0.004	0.623	0.005	0.008	0.183
happy	0.169	0.000	0.003	0.588	0.005	0.009	0.225
happy	0.125	0.000	0.003	0.571	0.006	0.009	0.285
happy	0.095	0.000	0.004	0.455	0.010	0.006	0.430
neutral	0.106	0.000	0.005	0.376	0.009	0.007	0.498
happy	0.087	0.000	0.005	0.483	0.009	0.007	0.410
neutral	0.103	0.000	0.005	0.287	0.009	0.007	0.590
neutral	0.087	0.000	0.003	0.277	0.007	0.005	0.622
happy	0.110	0.000	0.005	0.486	0.009	0.009	0.381
neutral	0.133	0.000	0.005	0.313	0.010	0.006	0.531
happy	0.135	0.000	0.004	0.511	0.008	0.008	0.334
happy	0.199	0.000	0.005	0.401	0.010	0.011	0.374
happy	0.165	0.000	0.005	0.416	0.010	0.006	0.398
happy	0.136	0.000	0.004	0.463	0.009	0.013	0.374
neutral	0.152	0.000	0.006	0.337	0.011	0.006	0.487
happy	0.150	0.000	0.004	0.493	0.007	0.011	0.335
happy	0.111	0.000	0.004	0.505	0.009	0.011	0.360
happy	0.143	0.000	0.005	0.488	0.010	0.007	0.347
happy	0.088	0.000	0.004	0.565	0.008	0.009	0.324
happy	0.138	0.000	0.004	0.462	0.009	0.008	0.377
happy	0.095	0.000	0.004	0.486	0.009	0.011	0.395
neutral	0.135	0.000	0.006	0.403	0.011	0.007	0.438
neutral	0.145	0.000	0.005	0.341	0.010	0.008	0.492
neutral	0.057	0.000	0.004	0.434	0.010	0.005	0.490
neutral	0.027	0.000	0.006	0.458	0.028	0.003	0.477
happy	0.019	0.000	0.003	0.550	0.026	0.002	0.400
happy	0.042	0.000	0.004	0.523	0.006	0.008	0.416
neutral	0.033	0.000	0.002	0.433	0.006	0.007	0.519
happy	0.048	0.000	0.004	0.482	0.007	0.007	0.453
happy	0.045	0.000	0.003	0.528	0.006	0.007	0.412
happy	0.031	0.000	0.003	0.478	0.009	0.004	0.474
happy	0.018	0.000	0.002	0.595	0.007	0.004	0.373
happy	0.012	0.000	0.002	0.708	0.017	0.002	0.259
happy	0.017	0.000	0.001	0.682	0.004	0.003	0.292
happy	0.049	0.000	0.003	0.609	0.005	0.008	0.326
happy	0.055	0.000	0.003	0.616	0.006	0.013	0.307
happy	0.061	0.000	0.002	0.620	0.004	0.012	0.301
happy	0.049	0.000	0.003	0.470	0.005	0.009	0.463
happy	0.101	0.000	0.004	0.520	0.004	0.019	0.351
happy	0.105	0.000	0.003	0.440	0.005	0.012	0.435
neutral	0.062	0.000	0.006	0.456	0.008	0.011	0.458
happy	0.105	0.000	0.004	0.541	0.004	0.017	0.329
happy	0.039	0.000	0.002	0.498	0.005	0.005	0.451
happy	0.085	0.000	0.003	0.533	0.004	0.014	0.361
happy	0.109	0.000	0.003	0.607	0.004	0.008	0.270
happy	0.059	0.000	0.002	0.512	0.004	0.006	0.416
happy	0.061	0.000	0.002	0.548	0.004	0.007	0.378
neutral	0.067	0.000	0.004	0.399	0.007	0.009	0.514
happy	0.105	0.000	0.004	0.450	0.006	0.011	0.423
happy	0.063	0.000	0.003	0.556	0.004	0.011	0.362
happy	0.063	0.000	0.003	0.546	0.005	0.012	0.370
happy	0.078	0.000	0.003	0.553	0.005	0.013	0.348
happy	0.094	0.000	0.004	0.568	0.005	0.015	0.314
happy	0.047	0.000	0.003	0.714	0.004	0.017	0.215
happy	0.065	0.000	0.002	0.663	0.003	0.007	0.260
happy	0.071	0.000	0.004	0.682	0.005	0.017	0.221
happy	0.071	0.000	0.002	0.626	0.004	0.009	0.287
happy	0.104	0.000	0.004	0.597	0.004	0.018	0.273
happy	0.100	0.000	0.003	0.617	0.004	0.014	0.261
happy	0.046	0.000	0.002	0.727	0.003	0.013	0.209
happy	0.051	0.000	0.001	0.667	0.002	0.006	0.272
happy	0.059	0.000	0.002	0.639	0.003	0.009	0.288
happy	0.041	0.000	0.002	0.629	0.004	0.008	0.317
happy	0.039	0.000	0.003	0.711	0.003	0.014	0.230
happy	0.024	0.000	0.002	0.720	0.004	0.007	0.242
happy	0.055	0.000	0.004	0.585	0.004	0.016	0.337
happy	0.073	0.000	0.002	0.642	0.003	0.008	0.273
happy	0.087	0.000	0.002	0.600	0.003	0.009	0.298
happy	0.079	0.000	0.003	0.587	0.004	0.010	0.318
happy	0.008	0.000	0.001	0.843	0.003	0.004	0.140
happy	0.048	0.000	0.003	0.750	0.003	0.019	0.178
happy	0.043	0.000	0.003	0.754	0.003	0.017	0.180
happy	0.070	0.000	0.003	0.616	0.004	0.012	0.295
happy	0.069	0.000	0.002	0.624	0.004	0.007	0.294
happy	0.051	0.000	0.003	0.784	0.003	0.021	0.138
happy	0.028	0.000	0.002	0.799	0.003	0.008	0.160
happy	0.042	0.000	0.002	0.860	0.001	0.014	0.080
happy	0.030	0.000	0.001	0.746	0.003	0.005	0.214
happy	0.004	0.000	0.000	0.944	0.002	0.002	0.048
happy	0.003	0.000	0.000	0.973	0.001	0.004	0.020
happy	0.014	0.000	0.001	0.939	0.002	0.005	0.040
happy	0.014	0.000	0.002	0.938	0.002	0.007	0.037
happy	0.027	0.000	0.001	0.928	0.002	0.007	0.036
happy	0.019	0.000	0.001	0.917	0.003	0.008	0.052
happy	0.031	0.000	0.001	0.908	0.005	0.005	0.050
happy	0.017	0.000	0.001	0.934	0.004	0.005	0.040
happy	0.017	0.000	0.002	0.886	0.011	0.004	0.080
happy	0.018	0.000	0.002	0.892	0.011	0.004	0.073
happy	0.014	0.000	0.002	0.892	0.013	0.003	0.075
happy	0.010	0.000	0.001	0.925	0.006	0.003	0.054
happy	0.005	0.000	0.001	0.949	0.002	0.002	0.042
happy	0.014	0.000	0.002	0.906	0.008	0.004	0.065
happy	0.007	0.000	0.001	0.933	0.003	0.002	0.054
happy	0.003	0.000	0.000	0.969	0.002	0.002	0.023
happy	0.012	0.000	0.001	0.946	0.002	0.002	0.037
happy	0.020	0.000	0.001	0.930	0.003	0.002	0.043
happy	0.018	0.000	0.001	0.926	0.003	0.004	0.049
happy	0.005	0.000	0.001	0.959	0.002	0.001	0.032
happy	0.007	0.000	0.001	0.927	0.003	0.003	0.059
happy	0.012	0.000	0.001	0.921	0.004	0.004	0.058
happy	0.021	0.000	0.001	0.912	0.004	0.003	0.059
happy	0.019	0.000	0.001	0.921	0.004	0.003	0.053
happy	0.026	0.000	0.001	0.954	0.002	0.003	0.013
happy	0.089	0.002	0.024	0.795	0.029	0.005	0.057
happy	0.011	0.000	0.002	0.926	0.006	0.002	0.054
happy	0.002	0.000	0.000	0.947	0.002	0.000	0.048
happy	0.014	0.000	0.001	0.674	0.010	0.000	0.300
happy	0.016	0.000	0.001	0.579	0.032	0.001	0.371
neutral	0.044	0.000	0.005	0.219	0.079	0.001	0.652
neutral	0.035	0.000	0.004	0.208	0.049	0.001	0.704
neutral	0.040	0.000	0.006	0.354	0.084	0.001	0.516
neutral	0.056	0.000	0.006	0.371	0.093	0.001	0.473
neutral	0.048	0.000	0.003	0.452	0.038	0.001	0.457
happy	0.026	0.000	0.003	0.534	0.031	0.002	0.404
happy	0.021	0.000	0.001	0.504	0.039	0.001	0.433
happy	0.023	0.000	0.001	0.570	0.036	0.000	0.368
neutral	0.022	0.000	0.001	0.460	0.039	0.000	0.477
neutral	0.037	0.000	0.002	0.280	0.057	0.000	0.624
happy	0.025	0.000	0.001	0.606	0.026	0.001	0.341
happy	0.021	0.000	0.001	0.709	0.029	0.001	0.239
neutral	0.030	0.000	0.002	0.414	0.045	0.001	0.507
neutral	0.032	0.000	0.002	0.406	0.047	0.001	0.511
happy	0.017	0.000	0.001	0.565	0.032	0.001	0.384
happy	0.015	0.000	0.001	0.550	0.028	0.001	0.405
happy	0.032	0.000	0.002	0.594	0.035	0.001	0.336
happy	0.055	0.000	0.002	0.651	0.016	0.002	0.274
happy	0.055	0.000	0.002	0.633	0.011	0.002	0.298
neutral	0.089	0.000	0.002	0.335	0.012	0.002	0.560
neutral	0.075	0.000	0.002	0.325	0.016	0.002	0.580
happy	0.108	0.000	0.003	0.497	0.012	0.003	0.376
neutral	0.057	0.000	0.002	0.319	0.016	0.002	0.605
happy	0.035	0.000	0.003	0.589	0.013	0.003	0.357
happy	0.032	0.000	0.003	0.600	0.012	0.002	0.350
happy	0.014	0.000	0.001	0.647	0.010	0.001	0.327
happy	0.065	0.000	0.002	0.738	0.006	0.003	0.186
happy	0.065	0.000	0.003	0.654	0.007	0.003	0.268
happy	0.051	0.000	0.002	0.756	0.004	0.009	0.179
happy	0.056	0.000	0.003	0.737	0.006	0.004	0.194
happy	0.115	0.000	0.003	0.763	0.007	0.008	0.104
happy	0.096	0.000	0.003	0.754	0.006	0.007	0.134
happy	0.210	0.000	0.006	0.664	0.012	0.007	0.101
happy	0.024	0.000	0.002	0.679	0.013	0.001	0.282
happy	0.015	0.000	0.002	0.585	0.024	0.001	0.373
happy	0.013	0.000	0.002	0.605	0.019	0.001	0.360
happy	0.022	0.000	0.001	0.823	0.011	0.002	0.142
happy	0.013	0.000	0.001	0.601	0.013	0.001	0.371
happy	0.020	0.000	0.001	0.729	0.012	0.002	0.236
happy	0.014	0.000	0.001	0.592	0.010	0.001	0.382
neutral	0.023	0.000	0.002	0.442	0.032	0.001	0.500
neutral	0.020	0.000	0.001	0.431	0.026	0.001	0.521
happy	0.011	0.000	0.001	0.669	0.008	0.001	0.310
happy	0.026	0.000	0.001	0.739	0.012	0.002	0.220
happy	0.007	0.000	0.001	0.753	0.006	0.001	0.234
happy	0.017	0.000	0.002	0.585	0.021	0.001	0.373
happy	0.029	0.000	0.002	0.476	0.017	0.001	0.475
happy	0.019	0.000	0.001	0.694	0.007	0.003	0.277
happy	0.024	0.000	0.001	0.783	0.003	0.003	0.186
happy	0.059	0.000	0.002	0.469	0.014	0.002	0.454
neutral	0.081	0.000	0.002	0.387	0.010	0.004	0.517
happy	0.061	0.000	0.001	0.702	0.005	0.005	0.226
happy	0.056	0.000	0.001	0.717	0.005	0.005	0.216
happy	0.070	0.000	0.002	0.597	0.014	0.002	0.315
happy	0.071	0.000	0.001	0.587	0.005	0.005	0.331
happy	0.064	0.000	0.002	0.653	0.005	0.006	0.271
happy	0.045	0.000	0.001	0.663	0.010	0.002	0.278
happy	0.039	0.000	0.002	0.643	0.013	0.002	0.301
happy	0.037	0.000	0.002	0.753	0.015	0.002	0.191
happy	0.047	0.000	0.002	0.621	0.011	0.003	0.317
happy	0.075	0.000	0.002	0.613	0.006	0.005	0.300
happy	0.062	0.000	0.002	0.645	0.009	0.003	0.278
happy	0.044	0.000	0.001	0.685	0.007	0.004	0.258
happy	0.047	0.000	0.001	0.686	0.004	0.003	0.259
happy	0.037	0.000	0.001	0.751	0.007	0.002	0.202
happy	0.047	0.000	0.001	0.679	0.009	0.002	0.261
happy	0.061	0.000	0.002	0.581	0.014	0.002	0.339
happy	0.037	0.000	0.001	0.695	0.004	0.003	0.260
happy	0.046	0.000	0.002	0.732	0.005	0.006	0.209
happy	0.069	0.000	0.002	0.588	0.008	0.004	0.329
happy	0.018	0.000	0.001	0.707	0.019	0.001	0.253
happy	0.017	0.000	0.001	0.742	0.008	0.002	0.231
happy	0.016	0.000	0.001	0.581	0.020	0.001	0.381
happy	0.017	0.000	0.001	0.757	0.009	0.002	0.214
happy	0.016	0.000	0.001	0.664	0.010	0.002	0.308
happy	0.016	0.000	0.002	0.621	0.010	0.002	0.349
happy	0.013	0.000	0.001	0.794	0.006	0.002	0.183
happy	0.020	0.000	0.001	0.734	0.010	0.002	0.233
happy	0.014	0.000	0.001	0.735	0.008	0.001	0.241
happy	0.020	0.000	0.001	0.561	0.019	0.001	0.397
happy	0.029	0.000	0.001	0.698	0.012	0.002	0.259
happy	0.027	0.000	0.002	0.689	0.008	0.002	0.273
happy	0.101	0.000	0.004	0.610	0.006	0.006	0.272
happy	0.109	0.000	0.002	0.663	0.007	0.005	0.214
happy	0.215	0.000	0.006	0.623	0.012	0.004	0.139
happy	0.308	0.001	0.014	0.567	0.014	0.002	0.094
neutral	0.083	0.002	0.010	0.365	0.037	0.001	0.503
happy	0.078	0.001	0.013	0.430	0.072	0.002	0.404
happy	0.124	0.000	0.008	0.610	0.025	0.003	0.230
happy	0.189	0.000	0.009	0.556	0.029	0.003	0.214
happy	0.068	0.000	0.012	0.638	0.048	0.002	0.232
happy	0.263	0.000	0.010	0.407	0.025	0.003	0.291
happy	0.188	0.001	0.017	0.536	0.038	0.003	0.217
happy	0.296	0.000	0.016	0.434	0.033	0.003	0.217
happy	0.181	0.001	0.018	0.458	0.054	0.003	0.287
happy	0.333	0.001	0.017	0.399	0.040	0.003	0.208
happy	0.142	0.000	0.020	0.457	0.059	0.004	0.317
happy	0.100	0.000	0.013	0.532	0.055	0.004	0.295
neutral	0.148	0.000	0.012	0.386	0.033	0.007	0.414
happy	0.013	0.000	0.004	0.698	0.025	0.002	0.257
happy	0.031	0.000	0.007	0.612	0.035	0.004	0.311
happy	0.033	0.000	0.003	0.543	0.019	0.004	0.398
happy	0.069	0.000	0.007	0.582	0.023	0.003	0.315
happy	0.011	0.000	0.001	0.814	0.010	0.002	0.162
happy	0.040	0.000	0.004	0.610	0.023	0.003	0.320
happy	0.081	0.000	0.002	0.676	0.005	0.005	0.230
happy	0.162	0.000	0.003	0.486	0.008	0.008	0.334
happy	0.061	0.000	0.003	0.569	0.007	0.004	0.356
happy	0.020	0.000	0.002	0.768	0.010	0.002	0.199
happy	0.020	0.000	0.001	0.724	0.013	0.001	0.240
happy	0.020	0.000	0.002	0.650	0.007	0.002	0.319
happy	0.025	0.000	0.003	0.659	0.008	0.004	0.302
happy	0.009	0.000	0.001	0.849	0.009	0.002	0.129
happy	0.013	0.000	0.001	0.815	0.007	0.001	0.162
happy	0.014	0.000	0.001	0.763	0.004	0.002	0.216
happy	0.041	0.000	0.003	0.739	0.010	0.005	0.201
happy	0.025	0.000	0.002	0.666	0.012	0.003	0.291
happy	0.025	0.000	0.002	0.760	0.005	0.006	0.202
happy	0.024	0.000	0.001	0.773	0.011	0.002	0.188
happy	0.020	0.000	0.001	0.752	0.007	0.002	0.217
happy	0.016	0.000	0.001	0.692	0.004	0.003	0.282
happy	0.021	0.000	0.002	0.755	0.007	0.003	0.211
happy	0.023	0.000	0.001	0.736	0.010	0.002	0.229
happy	0.018	0.000	0.002	0.777	0.006	0.005	0.193
happy	0.013	0.000	0.001	0.731	0.004	0.004	0.246
happy	0.026	0.000	0.001	0.791	0.004	0.006	0.172
happy	0.026	0.000	0.002	0.760	0.007	0.006	0.200
happy	0.041	0.000	0.002	0.717	0.007	0.006	0.227
happy	0.058	0.000	0.004	0.689	0.006	0.014	0.229
happy	0.030	0.000	0.001	0.776	0.003	0.008	0.182
happy	0.042	0.000	0.001	0.830	0.002	0.011	0.113
happy	0.022	0.000	0.001	0.762	0.003	0.003	0.209
happy	0.014	0.000	0.001	0.840	0.008	0.001	0.135
happy	0.009	0.000	0.001	0.842	0.005	0.002	0.140
happy	0.011	0.000	0.001	0.737	0.010	0.002	0.238
happy	0.020	0.000	0.002	0.789	0.003	0.006	0.180
happy	0.049	0.000	0.002	0.705	0.005	0.006	0.232
happy	0.046	0.000	0.003	0.773	0.004	0.011	0.163
happy	0.031	0.000	0.002	0.775	0.004	0.003	0.185
happy	0.037	0.000	0.002	0.800	0.003	0.014	0.143
happy	0.029	0.000	0.002	0.839	0.002	0.009	0.119
happy	0.036	0.000	0.001	0.787	0.002	0.007	0.166
happy	0.031	0.000	0.002	0.797	0.004	0.009	0.157
happy	0.029	0.000	0.002	0.852	0.003	0.006	0.107
happy	0.032	0.000	0.002	0.780	0.004	0.006	0.176
happy	0.031	0.000	0.001	0.821	0.002	0.004	0.141
happy	0.088	0.000	0.002	0.791	0.003	0.011	0.105
happy	0.200	0.000	0.004	0.664	0.005	0.011	0.117
happy	0.167	0.000	0.006	0.690	0.007	0.006	0.124
happy	0.256	0.000	0.007	0.629	0.009	0.004	0.095
happy	0.388	0.000	0.013	0.468	0.023	0.006	0.103
happy	0.362	0.000	0.014	0.491	0.011	0.006	0.117
happy	0.295	0.000	0.011	0.509	0.015	0.005	0.164
happy	0.361	0.000	0.013	0.503	0.012	0.008	0.102
happy	0.344	0.000	0.016	0.481	0.012	0.009	0.137
happy	0.399	0.000	0.010	0.432	0.016	0.006	0.136
happy	0.291	0.000	0.010	0.591	0.011	0.006	0.090
happy	0.298	0.000	0.011	0.579	0.011	0.005	0.097
happy	0.322	0.000	0.014	0.471	0.018	0.006	0.169
happy	0.329	0.001	0.015	0.442	0.021	0.005	0.187
happy	0.301	0.001	0.021	0.444	0.030	0.004	0.200
happy	0.243	0.001	0.024	0.506	0.034	0.003	0.189
happy	0.186	0.001	0.017	0.510	0.025	0.007	0.255
happy	0.155	0.000	0.013	0.620	0.020	0.004	0.187
happy	0.229	0.000	0.015	0.570	0.023	0.003	0.159
happy	0.192	0.001	0.017	0.536	0.027	0.003	0.224
happy	0.154	0.001	0.015	0.571	0.031	0.004	0.224
happy	0.026	0.000	0.002	0.780	0.010	0.005	0.177
happy	0.153	0.000	0.003	0.646	0.003	0.019	0.175
happy	0.136	0.000	0.003	0.707	0.002	0.025	0.127
happy	0.126	0.000	0.002	0.708	0.002	0.017	0.144
happy	0.178	0.000	0.003	0.598	0.005	0.007	0.208
happy	0.089	0.000	0.003	0.745	0.004	0.011	0.148
happy	0.106	0.000	0.003	0.689	0.003	0.013	0.186
happy	0.187	0.000	0.003	0.616	0.003	0.019	0.172
happy	0.155	0.000	0.003	0.665	0.003	0.020	0.153
happy	0.227	0.000	0.003	0.627	0.003	0.023	0.117
happy	0.141	0.000	0.003	0.655	0.004	0.024	0.173
happy	0.130	0.000	0.004	0.698	0.004	0.014	0.151
happy	0.129	0.000	0.003	0.682	0.003	0.018	0.165
happy	0.138	0.000	0.003	0.669	0.004	0.018	0.169
happy	0.138	0.000	0.003	0.637	0.005	0.012	0.205
happy	0.022	0.000	0.001	0.836	0.004	0.005	0.132
happy	0.019	0.000	0.001	0.799	0.005	0.003	0.173
happy	0.026	0.000	0.002	0.804	0.005	0.004	0.159
happy	0.024	0.000	0.002	0.751	0.006	0.003	0.214
happy	0.014	0.000	0.002	0.681	0.006	0.004	0.293
happy	0.010	0.000	0.001	0.849	0.003	0.001	0.136
happy	0.013	0.000	0.002	0.836	0.005	0.002	0.142
happy	0.071	0.000	0.003	0.678	0.004	0.011	0.232
happy	0.117	0.000	0.003	0.652	0.005	0.008	0.215
happy	0.120	0.000	0.004	0.626	0.008	0.006	0.236
happy	0.201	0.000	0.005	0.584	0.005	0.013	0.192
happy	0.022	0.000	0.002	0.751	0.006	0.004	0.214
happy	0.012	0.000	0.001	0.842	0.003	0.004	0.139
happy	0.033	0.000	0.002	0.710	0.007	0.004	0.244
happy	0.026	0.000	0.002	0.722	0.006	0.004	0.241
happy	0.019	0.000	0.001	0.805	0.004	0.004	0.166
happy	0.023	0.000	0.002	0.769	0.005	0.003	0.199
happy	0.019	0.000	0.001	0.692	0.005	0.004	0.279
happy	0.012	0.000	0.001	0.742	0.005	0.003	0.237
happy	0.015	0.000	0.001	0.778	0.005	0.003	0.197
happy	0.019	0.000	0.002	0.747	0.006	0.003	0.223
happy	0.024	0.000	0.002	0.700	0.009	0.004	0.260
happy	0.031	0.000	0.003	0.715	0.009	0.004	0.238
happy	0.033	0.000	0.003	0.501	0.009	0.003	0.450
happy	0.023	0.000	0.002	0.695	0.007	0.004	0.270
happy	0.030	0.000	0.002	0.580	0.008	0.003	0.376
happy	0.017	0.000	0.002	0.721	0.007	0.003	0.250
happy	0.025	0.000	0.002	0.642	0.008	0.003	0.320
happy	0.008	0.000	0.001	0.815	0.009	0.001	0.166
happy	0.023	0.000	0.002	0.618	0.010	0.002	0.345
happy	0.041	0.000	0.002	0.650	0.007	0.003	0.296
happy	0.040	0.000	0.003	0.693	0.009	0.003	0.252
happy	0.035	0.000	0.004	0.670	0.010	0.003	0.279
happy	0.040	0.000	0.002	0.649	0.006	0.003	0.301
happy	0.038	0.000	0.003	0.638	0.010	0.003	0.308
happy	0.064	0.000	0.004	0.519	0.014	0.005	0.395
happy	0.067	0.000	0.003	0.482	0.013	0.005	0.430
happy	0.037	0.000	0.003	0.514	0.014	0.004	0.429
happy	0.057	0.000	0.003	0.494	0.015	0.005	0.426
neutral	0.037	0.000	0.003	0.438	0.014	0.003	0.504
happy	0.019	0.000	0.001	0.767	0.009	0.002	0.202
happy	0.131	0.000	0.007	0.529	0.010	0.014	0.310
neutral	0.115	0.000	0.003	0.425	0.006	0.013	0.438
happy	0.169	0.000	0.004	0.446	0.007	0.011	0.362
neutral	0.182	0.000	0.005	0.378	0.008	0.012	0.416
happy	0.328	0.000	0.005	0.345	0.008	0.010	0.304
happy	0.303	0.000	0.005	0.405	0.007	0.010	0.271
happy	0.193	0.000	0.004	0.499	0.005	0.015	0.284
happy	0.149	0.000	0.003	0.486	0.007	0.010	0.346
angry	0.399	0.000	0.004	0.359	0.006	0.009	0.222
angry	0.438	0.000	0.007	0.323	0.007	0.008	0.216
angry	0.459	0.000	0.003	0.380	0.003	0.003	0.151
angry	0.602	0.000	0.007	0.251	0.006	0.003	0.131
angry	0.754	0.000	0.005	0.100	0.006	0.003	0.132
angry	0.581	0.000	0.005	0.239	0.006	0.004	0.164
happy	0.301	0.000	0.008	0.368	0.012	0.009	0.303
happy	0.308	0.000	0.008	0.392	0.013	0.013	0.266
happy	0.015	0.000	0.002	0.746	0.012	0.002	0.224
happy	0.025	0.000	0.003	0.688	0.007	0.005	0.271
happy	0.060	0.000	0.003	0.610	0.006	0.004	0.318
happy	0.064	0.000	0.003	0.692	0.007	0.006	0.228
happy	0.077	0.000	0.003	0.617	0.006	0.007	0.290
happy	0.036	0.000	0.003	0.672	0.005	0.010	0.273
happy	0.047	0.000	0.003	0.725	0.005	0.007	0.213
happy	0.043	0.000	0.003	0.737	0.005	0.010	0.202
happy	0.032	0.000	0.001	0.829	0.004	0.008	0.127
happy	0.042	0.000	0.002	0.752	0.004	0.004	0.195
happy	0.091	0.000	0.003	0.761	0.002	0.014	0.129
happy	0.202	0.000	0.004	0.567	0.005	0.014	0.208
happy	0.296	0.000	0.005	0.517	0.005	0.020	0.158
happy	0.201	0.000	0.003	0.607	0.005	0.018	0.167
happy	0.295	0.000	0.004	0.515	0.005	0.005	0.176
happy	0.254	0.000	0.005	0.533	0.005	0.024	0.179
happy	0.257	0.000	0.004	0.556	0.004	0.027	0.152
happy	0.233	0.000	0.003	0.580	0.002	0.026	0.157
happy	0.172	0.000	0.003	0.667	0.004	0.009	0.144
happy	0.105	0.000	0.003	0.611	0.004	0.015	0.262
happy	0.191	0.000	0.005	0.573	0.005	0.016	0.211
happy	0.203	0.000	0.004	0.603	0.005	0.021	0.164
happy	0.303	0.000	0.004	0.490	0.006	0.009	0.189
happy	0.256	0.000	0.004	0.553	0.005	0.011	0.172
happy	0.262	0.000	0.005	0.519	0.006	0.008	0.200
happy	0.166	0.000	0.004	0.649	0.005	0.017	0.159
happy	0.223	0.000	0.004	0.558	0.006	0.011	0.199
happy	0.206	0.000	0.005	0.600	0.004	0.018	0.167
happy	0.151	0.000	0.004	0.606	0.005	0.013	0.221
happy	0.089	0.000	0.004	0.587	0.005	0.008	0.306
happy	0.070	0.000	0.003	0.652	0.004	0.014	0.257
happy	0.083	0.000	0.003	0.717	0.004	0.010	0.183
happy	0.017	0.000	0.001	0.876	0.007	0.002	0.098
happy	0.017	0.000	0.002	0.759	0.004	0.005	0.214
happy	0.154	0.000	0.005	0.645	0.006	0.014	0.176
happy	0.254	0.000	0.003	0.577	0.003	0.018	0.145
happy	0.284	0.000	0.004	0.473	0.004	0.013	0.222
happy	0.219	0.000	0.003	0.604	0.004	0.013	0.157
happy	0.011	0.000	0.001	0.936	0.002	0.002	0.049
happy	0.076	0.000	0.003	0.754	0.004	0.009	0.155
happy	0.190	0.000	0.003	0.679	0.003	0.015	0.110
happy	0.175	0.000	0.003	0.706	0.003	0.013	0.101
happy	0.193	0.000	0.004	0.610	0.005	0.017	0.171
happy	0.216	0.000	0.004	0.625	0.004	0.015	0.135
happy	0.176	0.000	0.005	0.564	0.006	0.015	0.233
happy	0.085	0.000	0.004	0.751	0.004	0.015	0.141
happy	0.136	0.000	0.004	0.656	0.007	0.009	0.188
happy	0.138	0.000	0.004	0.674	0.005	0.009	0.170
happy	0.195	0.000	0.004	0.646	0.006	0.009	0.140
happy	0.168	0.000	0.003	0.686	0.005	0.010	0.129
happy	0.235	0.000	0.003	0.617	0.004	0.011	0.129
happy	0.225	0.000	0.004	0.626	0.005	0.015	0.125
happy	0.221	0.000	0.006	0.617	0.007	0.011	0.138
happy	0.258	0.000	0.004	0.573	0.006	0.020	0.138
happy	0.274	0.000	0.003	0.546	0.004	0.022	0.150
happy	0.295	0.000	0.005	0.568	0.006	0.015	0.111
happy	0.190	0.000	0.005	0.670	0.007	0.023	0.104
happy	0.241	0.000	0.005	0.479	0.007	0.020	0.248
happy	0.261	0.000	0.004	0.594	0.006	0.009	0.125
happy	0.154	0.000	0.003	0.754	0.004	0.011	0.074
happy	0.122	0.000	0.005	0.776	0.005	0.014	0.077
happy	0.118	0.000	0.003	0.822	0.002	0.018	0.037
happy	0.016	0.000	0.001	0.961	0.001	0.003	0.018
happy	0.014	0.000	0.000	0.971	0.001	0.001	0.013
happy	0.010	0.000	0.000	0.982	0.000	0.002	0.006
happy	0.005	0.000	0.000	0.989	0.000	0.001	0.005
happy	0.004	0.000	0.000	0.989	0.000	0.002	0.006
happy	0.004	0.000	0.000	0.989	0.000	0.003	0.004
happy	0.003	0.000	0.000	0.991	0.000	0.004	0.002
happy	0.006	0.000	0.000	0.987	0.000	0.002	0.006
happy	0.003	0.000	0.000	0.991	0.000	0.001	0.004
